18.959179175881424
19.220639322461814
18.894185070257667
18.560256552220697
18.879806499283006
18.62333553172868
18.977679251007928
18.96950693181153
18.714441495457145
19.112967553401607
18.63237967403367
18.929403969619266
19.208837926261154
18.872648044898256
19.37780451268498
18.948063592587673
19.128974233225087
19.306515121459263
19.083245039774926
18.46866640345597
18.672929343624144
18.702141580129368
18.831474685742677
18.635052713075307
18.913965860054443
19.062229374418294
19.352342397435194
19.12998837791913
19.243026842320734
19.160336453264737
19.335108049799206
19.173227518940624
19.186674200887598
19.12455296225455
19.253431478679186
19.366635589844783
18.885403662220483
18.865290149833847
19.006856685264076
18.91857281532472
19.372836131381995
18.749529263575546
19.1052280719703
19.16811443710865
19.135659346246598
19.283943662213638
19.374709578323085
19.33224995332738
18.967929910534675
19.148482016010156
19.47673271491247
19.23638786338345
19.248066914270147
19.10063983522433
19.288336161561627
19.42434753569974
19.052522247797583
19.185844897834855
18.538955424869208
19.344643685111812
18.9549296382921
19.498967394547073
19.314949835714298
18.878180627481278
19.09358362994479
19.37249202699766
19.525856139387795
19.491535468480404
19.293661738434267
19.212688940145533
19.34438411536015
19.254260404646637
19.33781660552945
19.49304555073283
19.213014935293803
19.492204146941596
19.26146284383506
19.020287500923466
19.15270965421814
19.187402377927132
19.215324196825733
19.320423398982218
19.056426474075725
19.138104950538978
19.113114424941923
19.333367540287764
19.289861163674058
19.111790242404375
19.302377227298653
19.045422970277503
19.269952540793074
18.824168019980274
19.46133757202154
19.590057451043926
19.322465736653808
19.567748064922608
19.35306803370364
19.598750986469813
19.315508147644046
19.238717599841497
19.204659728809926
19.727649213882195
19.286295433270386
19.075265327830692
19.843290644093795
19.22905559036749
19.46906516677615
19.288589857661943
19.441299399920517
19.54659680677977
19.134813549152373
19.34096092493901
19.84839061618993
19.297358973818096
19.585851612946872
19.153954194243525
19.660120797898564
19.39812087655322
19.491460786578482
19.48392772014856
19.357515157885057
19.321294105106315
19.444194818422183
19.299218755812053
19.631124299528665
19.47089829243342
19.453769178473717
19.100475258902005
19.38294964785583
19.755253811015923
19.608780521677353
19.428862566116848
19.477761111330206
18.98636097698377
19.448445161480393
19.420223314899467
19.29203096868536
19.5868504609742
19.41899761878164
19.56856970336918
19.57128984112116
19.659041164059563
19.64239822314272
19.20283789850406
19.34247760723122
19.525752461106432
19.29004486703909
19.28404996143336
19.162968188430924
19.424513816290307
19.493300805003173
19.62053362197218
19.27189468969204
19.436267858544948
19.42180615294718
19.684523314326558
19.77116029290181
19.905470409412928
19.760500263114338
19.7168836011062
19.476697740768046
19.34671370399936
19.628899047288016
19.60092436651159
19.63725962543168
19.52186415431247
19.430591767209318
19.29989983753012
19.461500202886153
19.57111144711818
19.294288944567025
19.44448055758709
19.339005230360687
19.838947560987016
19.23704992694612
19.691628882097664
19.467127097177805
19.2417981970828
19.589320085835162
19.67166681575582
19.840654163736108
19.81839204466742
19.586169328609746
19.857170346512408
19.388250676345677
19.588724644206266
19.57838616623977
19.811511002267277
19.478864972951875
19.86511747946058
19.839876723102776
19.398244099732164
19.44641451938032
19.645081709347263
20.03518425692692
19.309280623217973
19.240536697859703
19.314553095465538
19.71474242214732
19.359293141774785
19.724937387989726
19.506347752732193
19.41000952141074
19.59158320610508
19.740576368255834
19.30641600835934
19.450688455074165
19.223520733906742
19.957042236231572
19.486942444193428
19.59818852419804
19.591374693616995
19.670002467403336
19.87706532966567
19.618655011539452
19.66957487873783
19.904845945009747
19.633505410447384
19.640020347410672
19.652913551652887
19.479825703611287
19.73449955096541
19.370640031297423
19.5616722714994
19.23765497791211
19.34634474634138
19.84107469844389
19.79877477952866
19.522370525561502
19.70261359735368
19.953052590522788
19.488369767586434
19.55690019738018
19.580145337322843
19.622340201425803
19.350413571580813
19.618966659492003
19.906800160943963
19.752678115892465
19.86701702905676
19.70534299483381
19.556025569755526
19.929248211332638
19.542232635338287
19.722517865428316
19.930921987850297
19.55826888681418
19.578367442393585
19.5836248770979
19.64553850634968
19.1723776158128
19.590206470493158
19.80894339687506
20.123291900539535
19.393948823914577
19.313211945889194
19.686348362621697
19.695259711247626
19.274395056816342
19.22619246869961
19.553964977220506
19.624941774242842
19.813353684965563
19.665036433086957
19.56628149511732
19.41072489924436
19.576880357680984
19.64738907006222
19.614210995990597
19.494964714497662
19.554994017608024
19.70253855598795
19.367695861529626
19.665846025937395
19.842320238217816
20.004137721709164
19.689635429360074
19.40685575883628
19.49386362711764
19.50528910840153
19.412855355161454
19.766488104761333
19.410513066419
19.280455531454763
19.497719496699304
19.42981500717497
19.389654269757337
19.180714629180063
19.493813634791586
19.463045751071036
19.307747554706026
19.493208728970338
19.320781844387913
19.484611417071612
19.627488791303378
19.483372819239285
19.013759647604957
19.287429329600776
19.051528851205955
19.61136195206134
19.264076220548315
19.436635791468486
19.394330759735684
19.422058713827226
19.328756821199466
19.52687849170816
19.69782126097828
19.493781934571444
19.3120777361333
19.890819051679934
19.76330378750054
19.2555177862933
19.278437308137207
19.487422258593757
19.176396344279148
19.300857577356496
19.22247486709214
19.259987622927834
19.50764673439325
19.460953771277595
19.27505346459651
19.335210104585624
19.436449272924296
19.644995976025864
19.713272426399133
19.16395211633772
19.25347437430832
19.084769221177744
19.14013972868261
19.300373046372037
19.40329157461898
19.210017467723667
19.291702638325948
19.42008126868646
19.512349126293728
19.288648636458678
19.250627150710162
19.366341801445692
19.007186466785928
19.097962127510492
19.38570442588572
19.146209605552002
19.657449570644662
19.182838488887114
19.70358604876072
18.780756030757182
19.17894671036835
19.44790372945188
19.12387902682405
18.716136431443303
19.232618372799234
19.20400781240103
19.275070800131072
19.40800659780471
19.36207387883187
19.25715011283387
19.245350795989907
19.214095937065327
19.095192154037246
19.224994039143645
19.098655842835814
19.50386443827411
18.790881329205902
19.2030280940901
19.113207801429297
19.11905871322479
19.012355689632056
18.72210048682984
18.977428382154354
19.19935118240532
19.148989074856
19.462842037926016
19.284820169425828
18.889513217586906
19.023107116918133
19.299328101237833
19.297655434238962
19.19651144557874
18.87243159945978
19.053460367955303
19.011763121731256
19.377575498685403
19.125238171102662
19.542741312718544
19.25548628270336
19.045748450923433
19.17176035744066
19.160647180575854
19.405963475567663
19.37750530281198
19.43262799176735
19.136149122976146
18.91372248278492
19.200042258697927
19.25194425316456
19.175803820373375
19.49801468426427
19.779743670416497
19.480592832617038
19.373992219719522
19.493524598543022
19.52637962882452
19.68559617420543
19.02300291979891
19.458274606359574
19.0389093107468
19.536653874725943
19.211116776353208
19.3164636699695
19.134696982828206
19.76145502359706
19.497466354085333
19.32629919290342
19.699793007206353
19.089927469609474
19.436238032605903
19.383248693058427
19.258469048374064
19.375981140565965
19.669461073539242
19.582937586715207
19.44953705808659
19.653563070044203
19.65090424963495
19.59837718285519
19.316107249445523
19.36821494863739
19.66633239497997
19.68143121669698
19.59711127921164
19.432982123144917
19.413719919199323
19.501382802538597
19.558074881200945
19.689090037768455
19.524746674374402
19.98376639366669
19.655022413525863
19.810373299668914
19.591790042655447
19.529740864913236
20.09605936526424
19.871550552333275
19.460861810152412
20.02178442819281
20.089315188238814
19.59817877304065
19.81670207749096
19.700151498150202
19.777883518788375
20.260084835666582
19.559225220699815
19.432761612443635
19.57461254217886
19.362151660254522
19.989043848575374
19.96316141203396
20.0701060959051
19.839644369586086
20.110847833372503
19.511098405637995
19.84992329824805
19.99994388539733
19.890877269497448
19.95915560707281
20.229245909533724
19.946704361222324
19.87088807412281
20.000018758227547
20.354236643138183
20.4070911358966
20.22999904536131
19.954625748214937
20.253059275730415
20.415979841249634
19.64340252628093
20.09730163462938
20.070384759342765
19.83779139588968
20.36285401738005
19.826963760039177
20.69867574206829
20.287038240480907
20.55178003205799
20.286290712023874
20.849711272961024
20.903297573128633
21.670811372804653
21.370838900127062
22.11429849778599
22.310097898091676
22.83633452195699
22.279096032290703
23.556481795085197
23.056461426873916
23.181474367203066
22.954115984842996
23.05173713306938
22.96282066761952
22.232968757253076
22.471610965410658
22.44393725293756
22.463781113856054
22.454360768043273
22.455987492062615
22.252772295235793
22.05718799184963
22.617223946068375
22.470690627379533
22.581170929441846
22.716311348741197
22.764932864700178
22.704962235563425
22.175768101542157
22.29370186090825
22.443865869014115
21.988287904502823
21.84287739035651
21.947679735221833
21.916138704924958
21.89649669632443
21.978295202207228
21.75194347398255
21.80425482820657
21.588871776646677
21.743713055193584
22.038698103311102
21.922749754034605
22.287449503575328
21.742023418426225
21.94256470590671
21.635844363847415
22.158029165895016
22.066735212490652
21.826509953723136
22.072464735504457
22.150436715647796
22.26987707178731
22.27372190299016
22.46701804333554
22.498871129684773
22.564454437962862
22.505381828372663
22.741628221961857
22.80536227368413
23.506618437685443
23.445211959551777
24.53819380514596
24.367443550953006
24.867445970443036
25.251339959690167
25.697008935857916
26.118519736055795
26.15135053595256
26.467897735746977
26.582715063262874
27.048851315540226
26.339051004878712
26.892736706780344
27.219042331922783
26.798516710900397
27.21462590126512
27.49822469232587
27.362651354008584
27.642756415519813
27.915181287857646
27.479623456526582
27.163758945700767
27.038258016277464
27.493548573556506
26.99956472409087
27.739157735031746
27.62331043673544
28.319484430263877
27.906804419728005
28.455701713100538
28.527429881706208
28.777398760972176
29.18149913315623
29.369025710165715
29.074865553938373
29.59604214830221
29.370328339997293
29.592025393739092
29.613931206313094
28.549955218723994
29.0918348500936
28.385125472308253
28.356464804982632
27.907633484401746
27.74739070186686
27.96638393536125
28.21639915575977
27.32898243648402
27.415283827672905
27.356411848629012
27.574833477008873
27.034005974723677
27.217874650279924
27.007665035563637
26.800776230630944
27.015942345063383
26.31138028793049
26.578730355420266
26.048589813938083
25.5998097707022
25.52913411436232
25.45792801995204
24.969898673670446
25.190729247454737
25.101622500608663
25.071320580763793
24.830057995600406
24.68673423521178
24.59093724037514
24.36542158394034
24.10376851794255
23.916840975169166
23.479930296258384
23.46613363994408
23.26777756360633
23.35963733675532
23.123955382294824
22.972057182418503
22.397146297111256
22.56695201564661
21.937790502748285
21.407652055127027
21.36520971098594
21.053674325816306
20.943353037019744
20.44888200701897
21.236267969641037
20.417167168153124
20.216138106657088
20.498872819455862
20.051803603028787
19.898384518176055
19.456948199012007
18.67675570953596
17.790398922395113
17.601995566724586
17.086783114335567
17.25428810568514
16.77458595779005
16.724408460865813
16.244290556327538
16.420009031792887
15.641788712182878
15.992761385058843
15.333086716678352
15.31054757345545
14.902696549955534
15.110428217043578
15.193421897580269
14.864118701147378
14.965123844246568
15.215426956847674
15.437640533345082
15.59100680128846
14.939731978553331
15.3489888507378
15.29564835011655
14.990132296162713
14.244931306311445
14.481945282100481
13.40031319757711
13.689508703442417
13.416767318624048
12.808166726282135
12.654055730040428
12.41268773564826
11.81471660949385
11.728581650870973
11.95432696955471
11.591439118667553
11.053972666435463
10.981037375156404
10.629420429731812
10.51335082105084
10.424825143115589
10.285647211429808
10.136595968840261
9.831944958780525
10.013542109114221
9.257094441682588
9.407359965940488
8.933818096057307
9.339970118676959
8.322761579519153
8.569455846463233
8.271065570369782
8.410120331728042
8.454352826957056
7.9717778215307185
7.61083831303011
7.585525247052649
7.015336288536366
7.292844776200367
6.474074131614829
6.0776560880394275
5.631894262907167
5.823845511151867
5.440148355152851
5.320459241811789
4.823357236030068
4.789652204658078
4.662610708450896
4.291726572287251
4.35456466135431
4.105493338657012
3.743299777537156
3.63265813303942
3.2317286833045435
3.086313575369359
2.711540673434355
2.7696766443901377
2.7952897065912587
2.4963009246355896
2.321829549949845
1.9660564442066495
1.3545905647775824
2.050142571403002
1.4778989750464386
1.28874052786579
1.2284237720165967
1.087339076078416
1.0036929513662216
0.589118541551469
1.0881895713784169
0.8263041654211506
0.176607228915252
0.7208197502483628
0.2695782372920523
0.15489139428218218
0.9671116251869254
0.9177131648145354
0.8787306369909803
0.9141360626495924
0.6808156517385581
1.1664665166650965
0.722105954668554
0.8453254127364236
1.204814100694647
1.167856458130985
0.9443120566595123
0.7224856911626881
0.542265782347376
1.4384985074041354
0.7099941600503661
1.1554294222369708
0.6313504868804618
1.0156416907848964
0.5891206030558178
0.8705675083585724
0.8389715760715607
0.7883643911985737
0.751294719952482
0.5064533479092206
0.6653849772134517
0.6478585553534585
0.8977767882291494
1.0989125392392893
1.0810379913362227
0.9035304554349914
1.2898411589372518
1.421282715727231
1.4369122399949001
1.4679645901661766
1.9046379141497474
1.8261944763041913
1.6824793540352132
1.868959332781243
2.535826126739653
2.414331969309155
2.4590849326943958
2.114285603490224
2.2119911519980286
2.26698102209457
1.9072621090833943
2.07689981302108
2.0124177854598044
2.0328643859058233
1.904296722583004
1.8114476520869225
1.8801459808286487
1.561491051360317
1.862384852013627
1.9529928368059082
1.8142619594637683
1.7240093428772978
1.8666576608342316
2.181294153527336
2.1280699960301086
2.608726024293883
2.0172472933040924
2.554499040599239
2.7643253362769338
2.696815850633197
2.9259843497161744
3.243608005968758
3.0542891332357205
3.3624774805875384
3.380915920484379
3.4176387825944303
2.9850164626362643
3.006037263803396
3.2126534288236317
3.0951341621708908
2.951133196661762
2.5877295768562147
2.230379473654164
2.665890901953875
1.9894135409291769
2.217436538721476
1.9229643058015824
1.5460471715615338
1.4691872509503323
1.3085760553491113
1.2981484749586496
0.6612543693274457
1.2011931399121392
1.2123168043199548
0.9543711641899938
1.2992209902541647
1.4925130172367118
1.6536963862688223
1.9616186732783265
1.6506730174546613
1.0648078185179612
1.4183688385509337
1.4474320238175162
1.3981707180460206
1.848337716008495
1.5525665432283935
1.080646725080383
1.7463519717802611
1.5205934886645522
0.9216707678479464
0.796623241207731
1.0419939979715922
0.5479623592103516
0.6332803787333999
0.7977290871203334
0.8918848663279153
0.3407069926949815
0.6665874687802642
0.7305739532494979
0.6114382780560339
0.3199253268184994
0.7710211067517018
0.7837055820075067
0.48666981804214626
1.472956432294096
1.668764551497827
1.8422653504680446
1.3056978624422784
1.7142520545372961
1.6105011443874417
1.702534517897153
1.9143309442976117
2.068143305975149
2.3351726603704557
2.364322539772628
2.351726567413857
2.2035604781732583
2.5696185315899838
2.948674798788365
3.02561084140763
3.2573191494146765
3.097208568554542
3.0564911747305072
3.591874117204161
3.660549319151952
3.8091778489113843
3.4157342044719208
3.535574180517015
3.676567428947177
3.893224096558721
4.260742661906154
4.07334806807302
5.1656248776536025
5.016064786866654
4.868139449684298
4.896182968165103
5.521981698522228
5.485359657154131
5.506423679495324
5.555590325859261
5.423199634364278
5.5683312133817795
5.229287959151614
5.340475193834797
5.615867300103581
5.410845688572982
6.0288360289227585
6.441697005564921
6.459555546025251
6.153900571310986
6.341637923139241
6.670697434804732
6.503030125879718
6.680340852297971
6.565745511072771
6.691295973697284
6.57537763604275
6.4816598279073485
8.064459589653357
8.533898098545666
8.322784721614054
8.401400826035514
8.717617298285997
8.797351970051588
8.39005319182929
8.549847697823934
8.97997906936518
9.521931743551704
9.297190963772906
12.375429544173652
12.368865197781133
12.73132942716853
12.912788349101568
12.874629432012263
13.06700536010123
13.22043671092435
13.398471682137385
13.00622072731634
16.277917670249845
16.209021114343425
16.223629701968058
16.739661970394316
17.184351572294077
17.31058718332881
17.136292124035588
17.384022968040124
17.709751878948726
19.950994470046176
19.739442668106356
20.217840824503313
20.531635331850673
21.177506010877
20.810131630496457
21.645312898879535
21.72566290837447
22.565189236052298
22.55047154148788
22.532351347496547
23.127405227683088
23.003847202712773
22.936595397468256
23.72508352946105
23.919907160383573
24.17239638268454
25.242645085112677
25.11919804222814
26.282457891024904
26.270345125355846
26.78556725037041
26.668265883594156
27.48437404691774
29.049921082501662
30.29207075705111
30.21725653882675
29.814548263210717
29.936116518137485
29.711465122257078
29.107165262167474
28.070295460233435
28.415860314209002
28.04466753547717
28.086735361142765
27.695012571851045
28.006590223012413
27.090662265886543
26.02597322448603
25.747070429324708
26.166839105009323
25.898128691690925
25.213145166475485
25.181933759825757
24.823007892677747
23.87722382456511
22.99494771892929
23.43281410682199
22.70535331967139
23.02848668371109
22.575523159894427
21.875200368092518
21.540200759516555
21.527039141356507
21.427592760365332
21.338066001730073
20.824769104769306
20.759201814617747
20.695447082668384
20.143252468039936
20.35370597124423
20.45714000660941
20.155004637367732
19.669093987629005
19.791713026694076
