1100.0
1100.0
1100.5
1101.0
1101.4999999999995
1101.9999999999939
1102.4999999999584
1102.9999999998176
1103.4999999993913
1103.9999999983138
1104.4999999959246
1104.9999999911286
1105.4999999822285
1105.9999999667293
1106.4999999411245
1106.999999900667
1107.4999998391359
1107.9999997486098
1108.4999996192587
1108.9999994391665
1109.4999991941986
1109.9999988679294
1110.4999984416413
1110.9999978944081
1111.4999972032763
1111.999996343549
1112.499995289182
1112.9999940132952
1113.4999924887966
1113.9999906891164
1114.4999885890431
1114.9999861656454
1115.4999833992651
1115.9999802745551
1116.499976781537
1116.9999729166452
1117.4999686837195
1117.9999640949095
1118.4999591714427
1118.9999539442147
1119.49994845415
1119.9999427522862
1120.499936899534
1120.9999309660632
1121.4999250302708
1121.99991917729
1122.4999134969999
1122.9999080815076
1123.4999030220742
1123.9998984054705
1124.499894309749
1124.9998907994384
1125.4998879201673
1125.99988569274
1126.4998841066965
1126.9998831134037
1127.4998826187289
1127.9998824753657
1128.4998824748898
1128.9998823396322
1129.499881714467
1129.9998801586219
1130.499877137624
1130.999872015502
1131.4998640473675
1131.9998523725053
1132.4998360080997
1132.9998138437256
1133.4997846367303
1133.9997470086257
1134.4996994426062
1134.9996402822983
1135.4995677318348
1135.9994798573412
1136.499374589899
1136.999249730042
1137.499102953822
1137.9989318204625
1138.4987337816003
1138.9985061920963
1139.498246322375
1139.9979513722321
1140.4976184860327
1140.9972447691998
1141.4968273058744
1141.9963631776127
1142.4958494829682
1142.995283357791
1143.4946619960654
1143.993982671093
1144.4932427568244
1144.9924397491307
1145.4915712868042
1145.9906351720792
1146.4896293904608
1146.9885521296533
1147.487401797393
1147.9861770379896
1148.4848767473986
1148.9835000866597
1149.4820464935503
1149.9805156923223
1150.4789077014102
1150.9772228390198
1151.4754617265266
1151.9736252896403
1152.4717147573103
1152.9697316583768
1153.4676778159885
1153.9655553398416
1154.4633666163043
1154.9611142965266
1155.458801282645
1155.9564307122173
1156.4540059410351
1156.9515305244827
1157.449008197618
1157.9464428541673
1158.4438385246303
1158.9411993537014
1159.438529577215
1159.935833498822
1160.4331154666097
1160.9303798498652
1161.4276310161827
1161.9248733091047
1162.4221110264782
1162.9193483996921
1163.4165895739516
1163.91383858973
1164.4110993655197
1164.908375681991
1165.4056711676444
1165.9029892860308
1166.4003333245876
1166.8977063851282
1167.3951113759983
1167.8925510058984
1168.3900277793546
1168.8875439938022
1169.385101738235
1169.882702893358
1170.380349133166
1170.878041927868
1171.3757825480607
1171.8735720700479
1172.3714113822014
1172.8693011922494
1173.3672420353782
1173.8652342830308
1174.363278152285
1174.8613737156988
1175.3595209115092
1175.8577195540738
1176.3559693444558
1176.85426988105
1177.3526206701588
1177.851021136432
1178.3494706330932
1178.847968451877
1179.3465138326198
1179.8451059724414
1180.343744034471
1180.8424271560762
1181.3411544565574
1181.839925044282
1182.3387380232332
1182.837592498959
1183.3364875839084
1183.835422402148
1184.3343960934596
1184.8334078168173
1185.3324567532502
1185.8315421081018
1186.330663112694
1186.8298190254136
1187.3290091322333
1187.8282327466925
1188.3274892093525
1188.8267778867548
1189.3260981699054
1189.8254494723133
1190.3248312276135
1190.8242428868089
1191.323683915162
1191.8231537887796
1192.3226519909247
1192.8221780081046
1193.321731325977
1193.821311425123
1194.3209177767403
1194.8205498383086
1195.3202070492812
1195.819888826865
1196.319594561943
1196.819323615202
1197.3190753135273
1197.8188489467213
1198.318643764609
1198.8184589745856
1199.3182937396639
1199.8181471770722
1200.3180183574502
1200.8179063046882
1201.317809996443
1201.8177283653636
1202.3176603010468
1202.817604652739
1203.3175602327863
1203.817525820831
1204.3175001687382
1204.8174820062277
1205.3174700471752
1205.8174629965372
1206.317459557842
1206.8174584411809
1207.3174583716211
1207.8174580979573
1208.3174564017047
1208.8174521062351
1209.3174440859482
1209.817431275364
1210.3174126780232
1210.8173873750768
1211.3173545334464
1211.817313413439
1212.3172633757029
1212.8172038874145
1213.3171345275928
1213.8170549914478
1214.3169650936754
1214.816864770625
1215.3167540812765
1215.8166332069782
1216.3165024499099
1216.8163622302516
1217.3162130820551
1217.8160556478294
1218.3158906718702
1218.815718992377
1219.3155415324213
1219.8153592898411
1220.3151733261532
1220.8149847545892
1221.3147947273737
1221.8146044223718
1222.3144150292442
1222.8142277352601
1223.3140437109148
1223.8138640955108
1224.3136899828608
1224.8135224072696
1225.3133623299507
1225.8132106260282
1226.3130680722713
1226.812935335694
1227.3128129631502
1227.812701372037
1228.3126008422068
1228.8125115091761
1229.3124333587007
1229.8123662227715
1230.3123097770676
1230.8122635398838
1231.312226872536
1231.8121989812241
1232.3121789203194
1232.812165597024
1233.3121577773354
1233.8121540932302
1234.3121530509736
1234.8121530404428
1235.312152345345
1235.8121491542013
1236.3121415719568
1236.8121276320796
1237.3121053089997
1237.8120725307404
1238.3120271915993
1238.8119671647298
1239.311890314487
1239.8117945084014
1240.3116776286531
1240.811537582932
1241.3113723145718
1241.8111798118634
1242.3109581164647
1242.8107053308318
1243.3104196246168
1243.8100992399857
1244.3097424958266
1244.8093477908303
1245.3089136054405
1245.8084385026807
1246.3079211278823
1246.8073602073416
1247.3067545459542
1247.806103023874
1248.305404592262
1248.8046582681916
1249.3038631287818
1249.8030183046421
1250.3021229727085
1250.8011763485558
1251.300177678275
1251.7991262300009
1252.2980212851758
1252.796862129637
1253.2956480446087
1253.7943782976783
1254.2930521338371
1254.7916687666532
1255.2902273696525
1255.7887270679673
1256.2871669303186
1256.7855459613845
1257.2838630946137
1257.782117185528
1258.2803070055656
1258.7784312365045
1259.2764884655087
1259.7744771808352
1260.2723957682379
1260.7702425081031
1261.2680155733506
1261.7657130281302
1262.2633328273484
1262.7608728170514
1263.2583307356954
1263.7557042163326
1264.2529907897379
1264.750187888502
1265.2472928521147
1265.744302933055
1266.2412153039106
1266.7380270655344
1267.2347352562501
1267.731336862109
1268.227828828194
1268.7242080709643
1269.220471491618
1269.7166159904507
1270.2126384821743
1270.708535912148
1271.2043052734682
1271.6999436248518
1272.1954481092316
1272.6908159729803
1273.1860445856582
1273.6811314601778
1274.17607427326
1274.6708708860547
1275.1655193647814
1275.6600180012417
1276.1543653330486
1276.6485601634088
1277.1426015802917
1277.6364889748177
1278.1302220586906
1278.6238008805094
1279.1172258407883
1279.6104977055247
1280.103617618158
1280.5965871097708
1281.089408107397
1281.582082940312
1282.0746143441913
1282.567005463048
1283.0592598488647
1283.551381458868
1284.0433746503998
1284.5352441733708
1285.0269951602966
1285.5186331139423
1286.01016389262
1286.5015936932077
1286.992929031979
1287.4841767233536
1287.9753438566986
1288.4664377713286
1288.9574660298706
1289.4484363901759
1289.9393567759737
1290.4302352464758
1290.921079965147
1291.4118991678695
1291.9027011307278
1292.3934941376529
1292.8842864481528
1293.3750862653676
1293.8659017046723
1294.3567407630505
1294.8476112894507
1295.3385209563264
1295.8294772325492
1296.320487357867
1296.8115583190681
1297.3026968279885
1297.7939093014857
1298.2852018434817
1298.776580229156
1299.268049891352
1299.7596159092345
1300.251282999225
1300.7430555082074
1301.2349374089931
1301.726932298001
1302.2190433951007
1302.7112735455473
1303.2036252239168
1303.6961005399457
1304.188701246159
1304.6814287471636
1305.174284110475
1305.6672680787378
1306.1603810831969
1306.6536232582673
1307.1469944570576
1307.6404942676927
1308.134122030289
1308.6278768544346
1309.121757637033
1309.6157630803716
1310.1098917102854
1310.604141894289
1311.0985118595631
1311.5929997106862
1312.0876034470084
1312.5823209795822
1313.0771501475622
1313.5720887340044
1314.067134480999
1314.5622851040805
1315.05753830587
1315.5528917889048
1316.0483432676288
1316.5438904795133
1317.0395311952918
1317.5352632282943
1318.0310844428718
1318.526992761911
1319.0229861734365
1319.5190627363081
1320.01522058502
1320.5114579336152
1321.0077730787286
1321.5041644017763
1322.000630370312
1322.4971695385727
1322.9937805472382
1323.490462122433
1323.9872130739996
1324.4840322930768
1324.9809187490182
1325.4778714856886
1325.97488961718
1326.4719723229898
1326.9691188427105
1327.4663284702774
1327.9636005478303
1328.4609344592423
1328.9583296233734
1329.455785487112
1329.953301518263
1330.4508771983485
1330.9485120153847
1331.446205456701
1331.9439570018658
1332.4417661157843
1332.9396322420291
1333.4375547964669
1333.9355331612348
1334.4335666791233
1334.9316546484113
1335.4297963181982
1335.927990884269
1336.4262374855218
1336.9245352009796
1337.422883047402
1337.9212799775003
1338.4197248787536
1338.9182165728137
1339.416753815476
1339.91533529719
1340.413959644065
1340.9126254193293
1341.411331125186
1341.9100752050035
1342.4088560457753
1342.907671980777
1343.4065212923426
1343.905402214686
1344.4043129366844
1344.9032516045463
1345.4022163242887
1345.9012051639472
1346.4002161554502
1346.8992472960954
1347.398296549573
1347.8973618464872
1348.3964410843412
1348.895532126959
1349.3946328033321
1349.8937409058858
1350.3928541881837
1350.8919703620893
1351.3910870944287
1351.8902020032037
1352.3893126534228
1352.8884165526267
1353.387511146198
1353.886593812555
1354.385661858338
1354.884712513705
1355.3837429278606
1355.882750164942
1356.3817312003944
1356.880682917962
1357.3796021074259
1357.8784854632079
1358.3773295839624
1358.876130973261
1359.3748860414726
1359.8735911089216
1360.3722424104026
1360.8708361011036
1361.3693682639807
1361.8678349186066
1362.3662320314936
1362.8645555278774
1363.3628013049222
1363.8609652462908
1364.3590432380022
1364.8570311854792
1365.3549250316696
1365.8527207761083
1366.3504144947697
1366.8480023605437
1367.34548066416
1367.8428458353699
1368.3400944641876
1368.837223321989
1369.334229382259
1369.831109840777
1370.3278621350364
1370.824483962693
1371.320973298844
1371.8173284119525
1372.313547878241
1372.8096305943893
1373.3055757883942
1373.8013830284592
1374.2970522298067
1374.7925836593236
1375.287977937974
1375.7832360409338
1376.2783592954288
1376.7733493762742
1377.2682082991469
1377.762938411634
1378.2575423821297
1378.7520231866733
1379.2463840938376
1379.7406286477992
1380.2347606497356
1380.7287841377122
1381.2227033652318
1381.716522778633
1382.2102469935278
1382.7038807704826
1383.19742899014
1383.690896627991
1384.1842887289977
1384.67761038227
1385.17086669599
1385.6640627727747
1386.1572036856535
1386.6502944548329
1387.1433400254045
1387.6363452461385
1388.129314849493
1388.6222534329552
1389.1151654418084
1389.6080551534114
1390.1009266630547
1390.5937838714406
1391.0866304738247
1391.5794699508335
1392.0723055609628
1392.565140334744
1393.0579770705554
1393.5508183320396
1394.0436664470806
1394.5365235082802
1395.029391374869
1395.5222716759752
1396.0151658151713
1396.508074976213
1397.0010001298792
1397.49394204182
1397.9869012813203
1398.479878230882
1398.972873096528
1399.4658859187389
1399.958916583923
1400.4519648363346
1400.9450302903501
1401.438112443016
1401.9312106867894
1402.4243243223905
1402.917452571693
1403.41059459058
1403.9037494816973
1404.396916307039
1404.890094100303
1405.383281878957
1405.8764786559582
1406.3696834510736
1406.8628953017464
1407.356113273462
1407.8493364695623
1408.342564040467
1408.8357951922526
1409.3290291945511
1409.8222653877287
1410.3155031893039
1410.8087420995726
1411.301981706407
1411.7952216891995
1412.2884618219225
1412.781701975287
1413.2749421179776
1413.768182316952
1414.2614227367958
1414.7546636381296
1415.2479053750708
1415.7411483917576
1416.234393217952
1416.7276404637387
1417.2208908133528
1417.7141450181662
1418.2074038888757
1418.7006682869398
1419.1939391153178
1419.6872173085685
1420.1805038223772
1420.6737996225763
1421.1671056737362
1421.660422927402
1422.1537523100574
1422.6470947108976
1423.1404509694928
1423.6338218634276
1424.1272080959964
1424.6206102840383
1425.1140289459872
1425.6074644902117
1426.100917203717
1426.5943872412727
1427.0878746150258
1427.581379184653
1428.0749006480992
1428.5684385329403
1429.0619921884054
1429.5555607780807
1430.0491432733156
1430.5427384473405
1431.0363448701016
1431.5299609038118
1432.023584699208
1432.5172141925068
1433.010847103039
1433.5044809315468
1433.9981129591215
1434.4917402467584
1434.9853596355088
1435.4789677472063
1435.972560985748
1436.4661355389135
1436.9596873807095
1437.4532122742305
1437.9467057750328
1438.4401632350225
1438.9335798068687
1439.426950448952
1439.9202699308737
1440.4135328395491
1440.9067335859206
1441.3998664123267
1441.8929254005718
1442.3859044807443
1442.8787974408303
1443.3715979371786
1443.8642995058667
1444.3568955750204
1444.8493794781361
1445.3417444684512
1445.8339837344013
1446.3260904161987
1446.8180576235554
1447.3098784545637
1447.8015460157367
1448.293053443201
1448.784393925012
1449.2755607245565
1449.7665472049846
1450.2573468545995
1450.7479533131163
1451.2383603986843
1451.7285621355502
1452.218552782224
1452.7083268599922
1453.1978791816125
1453.6872048800028
1454.1762994367368
1454.6651587101378
1455.1537789627598
1455.642156888039
1456.1302896358927
1456.618174837043
1457.105810625843
1457.5931956613904
1458.0803291467112
1458.567210845819
1459.053841098453
1459.5402208323203
1460.026351572685
1460.5122354491573
1460.9978751995682
1461.483274170826
1461.9684363166848
1462.4533661923715
1462.9380689460525
1463.4225503071414
1463.9068165714782
1464.3908745834412
1464.8747317150724
1465.3583958423305
1465.8418753186081
1466.3251789456706
1466.8083159422033
1467.2912959101682
1467.774128799195
1468.256824869243
1468.7393946517889
1469.2218489098057
1469.7041985968044
1470.1864548152212
1470.6686287744315
1471.1507317486767
1471.6327750351845
1472.1147699127619
1472.5967276011284
1473.0786592212526
1473.5605757569392
1474.0424880178991
1474.5244066045236
1475.0063418745588
1475.4883039118643
1475.9703024974153
1476.452347082685
1476.9344467655262
1477.4166102686438
1477.898845920732
1478.3811616403204
1478.8635649223593
1479.3460628275436
1479.8286619743628
1480.3113685338362
1480.7941882268788
1481.277126324223
1481.760187648808
1482.2433765805276
1482.7266970632245
1483.2101526137933
1483.6937463332604
1484.1774809196884
1484.6613586827507
1485.14538155982
1485.629551133404
1486.113868649768
1486.5983350385754
1487.082950933385
1487.567716692841
1488.0526324223958
1488.5376979964128
1489.0229130804946
1489.508277153895
1489.9937895318724
1490.4794493878517
1490.9652557752706
1491.451207648987
1491.937303886138
1492.4235433063416
1492.909924691148
1493.3964468026431
1493.8831084011244
1494.3699082617698
1494.856845190231
1495.343918037086
1495.8311257110943
1496.3184671912063
1496.8059415372818
1497.2935478994805
1497.7812855262962
1498.26915377121
1498.7571520979468
1499.245280084323
1499.733537424688
1500.2219239309593
1500.710439532267
1501.1990842732243
1501.6878583108562
1502.176761910217
1502.6657954387435
1503.1549593593943
1503.6442542226343
1504.1336806573322
1504.6232393606454
1505.1129310869762
1505.6027566360867
1506.0927168404692
1506.5828125520761
1507.0730446285136
1507.563413918814
1508.0539212489002
1508.5445674068649
1509.0353531281783
1509.5262790809531
1510.017345851382
1510.508553929468
1510.9999036951647
1511.4913954050367
1511.9830291795477
1512.4748049910747
1512.9667226527422
1513.4587818081577
1513.9509819221237
1514.4433222723867
1514.9358019424772
1515.428419815678
1515.9211745701473
1516.4140646752137
1516.9070883888394
1517.4002437562442
1517.8935286096646
1518.3869405692105
1518.8804770447732
1519.3741352389263
1519.8679121507505
1520.3618045805053
1520.855809135066
1521.349922234031
1521.8441401164114
1522.3384588477984
1522.8328743279153
1523.3273822984518
1523.821978351085
1524.316657935593
1524.8114163679734
1525.306248838483
1525.8011504195242
1526.296116073313
1526.7911406592712
1527.2862189410987
1527.781345593489
1528.2765152084687
1528.7717223013483
1529.2669613162861
1529.762226631479
1530.2575125640049
1530.752813374351
1531.248123270676
1531.7434364128565
1532.2387469163843
1532.734048856178
1533.2293362703874
1533.7246031642612
1534.2198435141631
1534.715051271808
1535.2102203687994
1535.7053447215371
1536.2004182365674
1536.6954348164313
1537.190388366068
1537.6852727998146
1538.1800820490341
1538.674810070393
1539.1694508547953
1539.6639984369672
1540.1584469056738
1540.6527904145325
1541.1470231933777
1541.6411395601137
1542.135133932984
1542.6290008431674
1543.1227349476067
1543.6163310419581
1544.1097840735483
1544.6030891542111
1545.0962415728768
1545.589236807779
1546.082070538142
1546.5747386552168
1547.067237272524
1547.5595627351795
1548.0517116281753
1548.543680783496
1549.0354672859628
1549.5270684777079
1550.0184819611902
1550.50970560068
1551.0007375221546
1551.491576111559
1551.982220011405
1552.472668115696
1552.9629195631844
1553.452973728979
1553.9428302145438
1554.4324888361396
1554.9219496117776
1555.411212746769
1555.9002786179656
1556.389147756802
1556.8778208312583
1557.3662986268741
1557.8545820269514
1558.3426719920908
1558.8305695392119
1559.3182757202105
1559.8057916004102
1560.2931182369614
1560.7802566573482
1561.2672078381515
1561.7539726842217
1562.2405520084044
1562.7269465119603
1563.2131567658096
1563.6991831927296
1564.1850260506205
1564.67068541695
1565.1561611744755
1565.6414529983372
1566.1265603446
1566.6114824403207
1567.096218275202
1567.5807665948869
1568.065125895941
1568.5492944225607
1569.033270165033
1569.5170508599733
1570.0006339923534
1570.4840167993264
1570.9671962758523
1571.4501691821183
1571.9329320527413
1572.4154812077381
1572.8978127652397
1573.3799226559213
1573.8618066391168
1574.3434603205749
1574.8248791718147
1575.3060585510284
1575.7869937254727
1576.2676798952857
1576.748112218657
1577.2282858382719
1577.7081959089423
1578.1878376263307
1578.6672062566606
1579.1462971673018
1579.6251058581083
1580.1036279933778
1580.58185943429
1581.0597962716747
1581.5374348589519
1582.0147718450723
1582.4918042072854
1582.96852928355
1583.4449448043958
1583.9210489240443
1584.3968402505825
1584.8723178749917
1585.3474813988225
1585.822330960314
1586.2968672587508
1586.771091576861
1587.2450058010588
1587.7186124393477
1588.191914636703
1588.6649161877715
1589.1376215467346
1589.6100358341962
1590.0821648409774
1590.5540150287156
1591.0255935271869
1591.496908128292
1591.9679672766713
1592.4387800569334
1592.9093561775119
1593.3797059511865
