600.0
600.0
600.0
600.0
600.0000005990403
600.0000029894494
600.0000089453723
600.0000208056427
600.0000414510951
600.0000742764427
600.00012315688
600.0001924095948
600.0002867504066
600.0004112457748
600.0005712604442
600.0007724010259
600.0010204558283
600.0013213312812
600.0016809853109
600.0021053580468
600.0026003002541
600.0031714999018
600.0038244072888
600.0045641591598
600.0053955022512
600.006322716713
600.0073495398574
600.0084790906823
600.0097137956218
600.0110553159687
600.012504477409
600.0140612021015
600.0157244437243
600.0174921258978
600.0193610843799
600.02132701341
600.0233844165643
600.0255265624596
600.0277454456225
600.0300317528184
600.0323748351072
600.0347626858646
600.0371819249835
600.0396177894369
600.0420541303544
600.0444734167347
600.0468567458822
600.0491838606238
600.0514331733312
600.0535817967386
600.0556055815126
600.0574791604998
600.0591759995438
600.060668454729
600.0619278358821
600.0629244761232
600.063627807236
600.0640064405926
600.0640282533396
600.0636604795294
600.0628698058504
600.0616224715884
600.0598843724282
600.0576211676818
600.0547983905132
600.0513815607111
600.0473362995439
600.042628446221
600.0372241754714
600.0310901157413
600.0241934675075
600.0165021211964
600.0079847741982
599.9986110464672
599.9883515941974
599.9771782210743
599.9650639866053
599.9519833110472
599.9379120764563
599.9228277234058
599.9067093429323
599.8895377632906
599.8712956311206
599.8519674866533
599.83153983261
599.8100011964754
599.7873421858566
599.7635555366721
599.7386361539467
599.7125811450212
599.6853898450263
599.6570638344987
599.6276069490611
599.5970252811203
599.5653271735764
599.5325232055748
599.4986261703659
599.4636510453786
599.4276149546441
599.3905371237465
599.3524388275058
599.3133433306343
599.2732758216367
599.232263340254
599.1903346987787
599.1475203975937
599.1038525353127
599.0593647139196
599.0140919393239
598.9680705177689
598.9213379485416
598.8739328134469
598.8258946635209
598.7772639034646
598.7280816742862
598.6783897346446
598.6282303413884
598.5776461297834
598.5266799939212
598.4753749677964
598.4237741075312
598.371920375223
598.3198565248747
598.2676249908604
598.2152677793614
598.1628263631947
598.1103415804375
598.0578535372341
598.0054015151471
597.9530238833997
597.9007580163261
597.8486402163264
597.7967056425948
597.7449882458636
597.6935207093773
597.6423343962808
597.5914593035786
597.5409240227864
597.4907557073708
597.4409800470359
597.3916212488864
597.3427020254627
597.294243589612
597.2462656561261
597.198786450044
597.1518227214885
597.1053897668697
597.0595014562626
597.0141702667341
596.9694073213666
596.9252224336979
596.8816241572725
596.8386198399742
596.7962156827858
596.7544168026055
596.7132272987247
596.6726503225601
596.6326881502159
596.5933422574394
596.5546133965242
596.5165016747062
596.4790066335928
596.4421273291626
596.4058624118715
596.3702102064032
596.3351687906077
596.3007360731744
596.266909869599
596.2336879760112
596.2010682404473
596.169048631162
596.1376273015968
596.106802651637
596.0765733848147
596.0469385611331
596.0178976452189
595.989450549528
595.9615976723625
595.9343399304844
595.9076787861387
595.8816162683327
595.8561549882455
595.831298148679
595.8070495474866
595.7834135749563
595.760395205151
595.7379999812457
595.7162339949313
595.6951038599872
595.6746166801578
595.6547800114965
595.6356018193728
595.6170904303652
595.599254479293
595.5821028516635
595.5656446218408
595.5498889872597
595.5348451990382
595.5205224893552
595.5069299959844
595.4940766843863
595.481971267782
595.4706221256369
595.460037220999
595.450224017142
595.4411893939687
595.4329395646349
595.4254799928548
595.4188153113466
595.4129492418754
595.4078845173409
595.4036228063545
595.4001646407335
595.3975093463313
595.3956549776066
595.394598256315
595.3943345146907
595.3948576434609
595.396160045015
595.3982325920246
595.4010645917838
595.4046437565122
595.4089561798323
595.4139863196048
595.4197169872713
595.4261293438254
595.4332029024974
595.4409155382053
595.449243503794
595.4581614530488
595.4676424704359
595.4776581074923
595.4881784257523
595.499172046067
595.5106062041435
595.5224468120982
595.5346585257904
595.5472048176758
595.5600480548918
595.57314958226
595.5864698098715
595.5999683048946
595.6136038872274
595.6273347285971
595.6411184546913
595.6549122498941
595.668672964184
595.6823572217409
595.6959215308011
595.709322394292
595.7225164207723
595.7354604352034
595.7481115890744
595.7604274694062
595.7723662061644
595.7838865776141
595.7949481131609
595.8055111932298
595.8155371457481
595.8249883388097
595.8338282691191
595.8420216458253
595.8495344693837
595.8563341050985
595.8623893510287
595.86767049996
595.8721493951795
595.8757994798101
595.8785958395005
595.8805152382896
595.8815361475033
595.8816387675698
595.8808050426768
595.8790186682261
595.8762650910784
595.872531502613
595.8678068246656
595.8620816884385
595.8553484065152
595.8476009381434
595.8388348479829
595.8290472585483
595.818236796606
595.8064035338156
595.7935489219319
595.7796757229124
595.7647879342971
595.7488907102526
595.7319902786907
595.7140938548918
595.6952095520784
595.6753462893993
595.6545136977945
595.6327220242227
595.6099820347381
595.5863049169075
595.5617021820627
595.5361855678802
595.5097669417779
595.4824582056152
595.4542712021724
595.4252176238773
595.3953089242336
595.3645562323936
595.3329702712972
595.3005612797862
595.2673389390777
595.2333123039625
595.1984897390661
595.1628788604897
595.1264864831181
595.0893185738537
595.0513802110079
595.0126755500495
594.9732077958787
594.9329791817623
594.8919909550342
594.8502433696297
594.8077356854913
594.7644661748462
594.7204321353242
594.6756299098497
594.6300549132072
594.583701665149
594.5365638298758
594.4886342616968
594.4399050566354
594.3903676097258
594.3400126777098
594.2888304468203
594.2368106053091
594.1839424203544
594.1302148189587
594.0756164724302
594.0201358840173
593.9637614792556
593.9064816985656
593.8482850916328
593.7891604130888
593.7290967190062
593.6680834637142
593.6061105964412
593.5431686572888
593.4792488720456
593.4143432453554
593.3484446517604
593.2815469241501
593.2136449391643
593.1447346991051
593.0748134099397
593.0038795549881
592.9319329639168
592.8589748766796
592.7850080020745
592.7100365706128
592.6340663814238
592.5571048429501
592.4791610072197
592.4002455975117
592.3203710292685
592.239551424136
592.1578026170542
592.0751421563463
591.9915892967961
591.9071649857325
591.8218918421749
591.7357941291247
591.6488977191234
591.561230053225
591.4728200935617
591.3836982697119
591.2938964191052
591.2034477217267
591.1123866294043
591.0207487899906
590.9285709667663
590.835890953416
590.742747484943
590.6491801449063
590.555229269374
590.4609358480067
590.3663414226858
590.271487984118
590.176417866849
590.0811736431264
589.9857980160563
589.8903337124956
589.7948233761258
589.6993094611495
589.6038341270475
589.5084391348303
589.4131657452062
589.3180546190871
589.2231457208322
589.1284782246285
589.0340904243822
588.9400196474905
588.8463021728363
588.7529731533361
588.6600665433497
588.5676150312365
588.4756499773242
588.3842013575259
588.2932977128223
588.2029661047936
588.1132320773603
588.0241196248624
587.9356511665779
587.8478475277504
587.7607279271617
587.6743099712604
587.5886096548194
587.503641368066
587.4194179101976
587.3359505091614
587.2532488475497
587.1713210944271
587.0901739428804
587.0098126530507
586.9302411003814
586.851461828787
586.7734761084276
586.6962839977448
586.619884409398
586.5442751797199
586.4694531412903
586.3954141982142
586.3221534036777
586.2496650393414
586.1779426961261
586.1069793559382
586.0367674738764
585.9672990604657
585.8985657634603
585.8305589487634
585.76326978002
585.6966892964424
585.6308084884447
585.5656183706715
585.5011100520228
585.4372748022956
585.3741041150803
585.311589766571
585.2497238699758
585.1884989252303
585.1279078637522
585.0679440879957
585.0086015055958
584.9498745579232
584.8917582428975
584.8342481319428
584.7773403809966
584.7210317355187
584.6653195294775
584.6102016783248
584.5556766660018
584.501743526053
584.4484018169536
584.3956515917907
584.3434933624677
584.2919280586309
584.2409569815474
584.1905817531892
584.1408042608081
584.0916265973063
584.0430509977381
583.9950797722913
583.9477152361267
583.9009596364646
583.8548150773283
583.8092834423687
583.7643663162031
583.7200649047177
583.6763799547853
583.6333116738596
583.590859649909
583.5490227721555
583.5077991530811
583.467186052164
583.4271798017965
583.387775735833
583.3489681212037
583.3107500930154
583.2731135935501
583.2360493155511
583.1995466501692
583.16359363992
583.1281769369806
583.0932817671286
583.0588918996011
583.0249896231223
582.9915557283201
582.9585694967212
582.9260086964825
582.8938495849851
582.8620669183829
582.8306339681654
582.7995225447595
582.7687030281603
582.738144405549
582.707814315818
582.6776791008945
582.6477038637136
582.6178525326682
582.5880879323211
582.5583718601418
582.5286651689962
582.498927855088
582.469119151027
582.4391976236698
582.4091212763544
582.3788476551298
582.3483339585571
582.3175371506426
582.2864140764435
582.2549215798739
582.2230166232233
582.1906564078917
582.1577984958329
582.1244009311962
582.0904223616469
582.0558221588498
582.0205605375962
581.9845986730622
581.9478988156872
581.9104244031743
581.8721401691222
581.8330122478117
581.7930082746849
581.752097482076
581.710250789768
581.6674408899768
581.6236423263849
581.5788315668766
581.5329870696517
581.4860893424291
581.4381209944793
581.3890667812609
581.3389136414693
581.2876507263418
581.2352694210997
581.1817633584444
581.1271284240619
581.0713627541287
581.0144667248476
580.9564429340803
580.8972961751807
580.8370334031664
580.775663693404
580.713198193015
580.6496500652423
580.5850344270489
580.519368280249
580.4526704364991
580.3849614365034
580.3162634638081
580.2466002535867
580.1759969968302
580.1044802403799
580.0320777832492
579.9588185696995
579.8847325795397
579.8098507161303
579.7342046925774
579.6578269166057
579.5807503746005
579.5030085153076
579.4246351336773
579.3456642553338
579.2661300221429
579.1860665793436
579.1055079646973
579.024488000095
578.9430401860503
578.8611975994886
578.7789927952243
578.6964577115014
578.6136235799493
578.5305208402856
578.4471790600729
578.3636268598128
578.279891843635
578.1960005358111
578.1119783232969
578.027849404476
577.9436367442518
577.8593620355994
577.7750456676649
577.6907067004637
577.6063628461998
577.5220304571973
577.4377245204037
577.3534586583919
577.2692451367599
577.185094877793
577.1010174802266
577.0170212449176
576.9331132062023
576.8492991686952
576.7655837492541
576.6819704238139
576.5984615787675
576.5150585665519
576.4317617650781
576.3485706406223
576.2654838137854
576.1824991281106
576.0996137209366
576.0168240960576
575.9341261977517
575.8515154857357
575.7689870106012
575.6865354892867
575.6041553801439
575.5218409571594
575.4395863829012
575.3573857797677
575.2752332991286
575.1931231879615
575.1110498526031
575.0290079192494
574.9469922908645
574.864998200173
574.7830212584363
574.7010574997402
574.6191034205417
574.5371560142563
574.4552128006899
574.3732718501528
574.291331802121
574.2093918783418
574.1274518903111
574.0455122410831
573.9635739214011
573.8816385001753
573.7997081093588
573.717785423309
573.6358736327501
573.553976413482
573.4720978900123
573.3902425943132
573.3084154199368
573.2266215717428
573.1448665115239
573.0631558998303
572.981495534325
572.899891285012
572.8183490267091
572.7368745691426
572.6554735850651
572.5741515368053
572.492913601671
572.4117645966364
572.3307089027487
572.2497503896979
572.1688923409912
572.0881373801777
572.0074873985642
571.9269434848601
571.8465058571832
571.766173797848
571.6859455913492
571.6058184659387
571.5257885391795
571.4458507678448
571.3659989025082
571.2862254471523
571.2065216241017
571.1268773445566
571.0472811849847
570.9677203695943
570.8881807590881
570.808646845865
570.7291017558061
570.6495272567485
570.5699037737193
570.4902104109694
570.4104249808088
570.3305240392157
570.2504829281554
570.170275824511
570.0898757954938
570.0092548603689
569.928384058298
569.8472335220688
569.7657725574508
569.6839697278849
569.6017929441891
569.5192095589305
569.4361864650916
569.3526901986345
569.2686870445411
569.1841431458918
569.0990246155224
569.0132976497865
568.9269286439346
568.8398843086098
568.7521317869536
568.6636387718039
568.5743736224705
568.4843054805646
568.3934043843659
568.3016413812138
568.2089886374131
568.1154195451592
568.0209088259959
567.9254326303353
567.8289686325872
567.731496121464
567.6329960850499
567.5334512902474
567.4328463562425
567.3311678216531
567.2284042050622
567.1245460586649
567.0195860147918
566.9135188251071
566.8063413923147
566.6980527942409
566.5886543001988
566.4781493795787
566.3665437026413
566.2538451335323
566.1400637155687
566.0252116488853
565.9093032605648
565.7923549674068
565.6743852315241
565.5554145089874
565.4354651917664
565.3145615432451
565.1927296276132
565.0699972334623
564.9463937919345
564.8219502897933
564.6966991778047
564.5706742748305
564.443910668052
564.3164446097531
564.1883134111004
564.0595553333676
563.9302094770576
563.800315669376
563.6699143505165
563.5390464592153
563.407753318033
563.276076518815
563.1440578087834
563.011738977699
562.8791617465316
562.7463676580612
562.6133979698266
562.4802935498229
562.3470947753375
562.2138414352974
562.0805726364867
561.9473267139753
561.8141411460775
561.6810524741469
561.5480962274838
561.4153068536166
561.2827176541903
561.1503607266749
561.0182669120767
560.8864657488124
560.7549854328781
560.6238527844159
560.4930932207532
560.3627307359607
560.232787886945
560.1032857860604
559.9742441001974
559.8456810562715
559.7176134530075
559.590056678886
559.4630247360845
559.3365302702239
559.2105846056944
559.0851977863167
558.9603786210596
558.8361347345175
558.7124726218236
558.5893977076544
558.46691440896
558.3450262010386
558.2237356865552
558.1030446670902
557.982954216795
557.8634647577165
557.7445761363513
557.6262877009785
557.5085983793246
557.3915067561068
557.2750111500096
557.1591096896492
557.0438003880892
556.9290812154818
556.8149501694179
556.7014053425839
556.5884449873407
556.4760675768551
556.3642718624376
556.2530569267577
556.1424222326361
556.0323676671328
555.9228935806807
555.8140008210396
555.705690761874
555.5979653257886
555.4908270016832
555.3842788563256
555.2783245400628
555.1729682866319
555.0682149070583
554.9640697776622
554.8605388222259
554.7576284884057
554.6553457185028
554.5536979147378
554.4526928992035
554.3523388686981
554.2526443446687
554.1536181185236
554.0552691925925
553.9576067170431
553.8606399230798
553.7643780527751
553.6688302858997
553.5740056641391
553.479913013095
553.3865608624876
553.2939573649847
553.2021102140926
553.1110265615522
553.0207129346901
552.9311751541746
552.8424182526303
552.7544463945623
552.6672627980378
552.5808696585676
552.4952680756194
552.4104579821883
552.3264380778342
552.2432057655823
552.1607570930659
552.0790866982711
551.9981877602244
551.9180519549363
551.8386694168975
551.7600287063879
551.6821167828409
551.6049189844695
551.5284190143317
551.4525989329846
551.3774391578391
551.3029184692975
551.229014023722
551.1557013732469
551.0829544924137
551.0107458115754
550.9390462569784
550.8678252974017
550.7970509971965
550.7266900755366
550.6567079716615
550.587068915861
550.5177360059207
550.4486712887224
550.3798358466636
550.3111898885387
550.2426928444996
550.174303464692
550.1059799211465
550.0376799124849
549.9693607709868
549.9009795715499
549.8324932420678
549.7638586747377
549.6950328378076
549.6259728872695
549.5566362780006
549.48698087386
549.4169650562502
549.3465478306596
549.2756889307104
549.2043489192491
549.1324892860271
549.0600725415387
548.9870623065992
548.9134233972654
548.8391219047253
548.764125269806
548.6884023517758
548.6119234911439
548.5346605661891
548.4565870429826
548.3776780186978
548.2979102580364
548.2172622226329
548.1357140933331
548.0532477852782
547.9698469557624
547.8854970048659
547.8001850689018
547.7139000067494
547.6266323791833
547.5383744213384
547.4491200084888
547.3588646153455
547.2676052691132
547.1753404965734
547.0820702654901
546.9877959206613
546.8925201149627
546.7962467357553
546.698980827045
546.600728507808
546.5014968869034
546.4012939750187
546.3001285940968
546.1980102847106
546.0949492118536
545.9909560696245
545.8860419852821
545.7802184231538
545.6734970888743
545.5658898344301
545.4574085644787
545.3480651444055
545.2378713105686
545.1268385831715
545.0149781821905
544.9023009467654
544.7888172584472
544.6745369686754
544.5594693308365
544.4436229372343
544.3270056612765
544.2096246051583
544.0914860532945
543.9725954317275
543.8529572737054
543.7325751915962
543.6114518552741
543.4895889770804
543.3669873034297
543.2436466131011
543.1195657222179
542.9947424958895
542.8691738664535
542.7428558582245
542.6157836186225
542.4879514555217
542.3593528806302
542.2299806586775
542.0998268621603
541.9688829313659
541.8371397393663
541.7045876616497
541.5712166500329
541.4370163104733
541.3019759843818
541.1660848330162
541.0293319245199
540.8917063231571
540.7531971802817
540.61379382657
540.4734858650386
540.3322632643664
540.1901164520361
540.047036406813
539.9030147500803
539.7580438355593
539.61211683695
539.4652278330368
539.3173718898225
539.1685451392653
539.0187448542146
538.8679695191605
538.7162188964367
538.5634940875361
538.4097975892319
538.2551333442162
538.0995067860052
537.9429248778827
537.785396145691
537.626930704307
537.4675402776721
537.307238212281
537.1460394840645
536.9839606986341
536.8210200848895
536.6572374820219
536.4926343199753
536.3272335934614
536.1610598296489
535.994139049681
535.8264987241976
535.6581677230661
535.4891762595499
535.3195558291641
