0.0
0.0
0.0
1.1980805355354631e-6
4.780818202011832e-6
1.1911845878222245e-5
2.372054095253897e-5
4.129090474316512e-5
6.56506953363768e-5
9.776087478419328e-5
0.00013850543001172228
0.0001886816248924035
0.000248990738765867
0.0003200293442089274
0.00040228117413753164
0.0004961096253297758
0.0006017509422321806
0.0007193081214592229
0.0008487455737367406
0.0009898845761913556
0.0011423995438695391
0.0013058151452012543
0.001479504281824889
0.0016626869487837103
0.001854429986611154
0.002053647732265158
0.002259103571273035
0.0024694123888308627
0.0026830439129879
0.0028983269384600806
0.003113454415079841
0.003326489380425046
0.0035353717117996624
0.003737925668484907
0.003931868191062953
0.004114817920656459
0.004284304897145931
0.004437780891842008
0.004572630326719246
0.004686181729178582
0.004775719668413197
0.0048384971168214715
0.004871748177554454
0.004872701117215508
0.004838591640957268
0.004766676345754603
0.004654246286479632
0.004498640588571893
0.004297260040588105
0.00404758059973426
0.0037471667436295656
0.0033936846020263855
0.002984914803011103
0.002518764969334031
0.001993281801957063
0.0014066626896589653
0.000757266785591861
4.362549402883026e-5
-0.0007355476868295141
-0.0015813480172246022
-0.002494671111468578
-0.003476205321522722
-0.004526424949600216
-0.005645584327045361
-0.006833712792730915
-0.008090610600036135
-0.009415845777140533
-0.0108087519609133
-0.012268427220117237
-0.013793733879001032
-0.015383299347647313
-0.01703551796069885
-0.018748553821324662
-0.02052034464253467
-0.02234860657322892
-0.024230839991698398
-0.026164336244701582
-0.028146185305746464
-0.030173284321833853
-0.03224234701368536
-0.03434991389040939
-0.036492363235670254
-0.03866592281873867
-0.04086668228033348
-0.043090606139932215
-0.045333547368247525
-0.04759126146585175
-0.04985942098649683
-0.05213363044153295
-0.05440944151998706
-0.056682368557331345
-0.05894790418475848
-0.06120153508989214
-0.06343875781930078
-0.06565509455295453
-0.06784610878086879
-0.07000742081261453
-0.07213472305114166
-0.07422379496345473
-0.07627051768209443
-0.07827088817310703
-0.08022103290821836
-0.08211722098126066
-0.08395587661151593
-0.0857335909795286
-0.08744713334408703
-0.08909346139246369
-0.09066973077962069
-0.0921733038159141
-0.09360175726684718
-0.09495288923261161
-0.09622472507949507
-0.09741552239970355
-0.0985237749807245
-0.09954821577002183
-0.10048781882558157
-0.101341800247596
-0.10210961809136107
-0.10279097126624302
-0.10338579743032304
-0.1038942698950302
-0.10431679355870004
-0.10465399989252681
-0.10490674100678944
-0.10507608282950388
-0.10516329743376654
-0.10516985455398555
-0.10509741233492935
-0.10494780736103823
-0.10472304401672608
-0.10442528323143221
-0.10405683066595099
-0.1036201243990576
-0.10311772217565003
-0.10255228827952853
-0.10192658009552687
-0.10124343442698651
-0.10050575363551904
-0.09971649167063051
-0.09887864005707964
-0.09799521390781059
-0.097069238029939
-0.09610373319058038
-0.09510170260829631
-0.0940661187346009
-0.09299991038832507
-0.0919059503036873
-0.09078704315067666
-0.08964591408382842
-0.08848519787267635
-0.08730742866411424
-0.08611503042360581
-0.08491030809866447
-0.0836954395442994
-0.08247246824621071
-0.08124329687343322
-0.0800096816878958
-0.07877322783400295
-0.07753538552687736
-0.07629744715335005
-0.07506054529517038
-0.07382565167925396
-0.07259357705511574
-0.07136497199497122
-0.07014032860735406
-0.0689199831505148
-0.06770411952735772
-0.06649277363926115
-0.06528583857183363
-0.06408307058150484
-0.06288409584785665
-0.061688417952786
-0.06049542604397503
-0.05930440363674451
-0.05811453800519914
-0.05692493011065419
-0.05573460501267613
-0.05454252270568842
-0.05334758932199906
-0.05214866864030911
-0.05094459383726986
-0.04973417941847793
-0.04851623326443779
-0.047289568726484765
-0.04605301670744985
-0.044805437661963016
-0.043545733451732155
-0.042272858991898817
-0.04098583362565546
-0.03968375216570629
-0.03836579554285835
-0.03703124100403228
-0.03567947180427392
-0.03430998633991619
-0.03292240667287366
-0.031516486399135415
-0.030092117817839804
-0.028649338360851186
-0.027188336246496463
-0.02570945532503903
-0.024213199087550763
-0.02270023381406852
-0.021171390841269157
-0.0196276679343451
-0.01807022975228887
-0.016500407400377032
-0.014919697068259588
-0.013329757756686659
-0.011732408100517547
-0.01012962230023528
-0.008523525178709657
-0.0069163863843913435
-0.005310613766456724
-0.0037087459516364552
-0.002113444156529206
-0.0005274832731056495
0.0010462577311729196
0.0026048060536803764
0.004145105889158619
0.00566402980316029
0.007158390592296149
0.008624953574639547
0.010060449251376611
0.011461586278816605
0.012825064688202357
0.014147589289394207
0.015425883193449216
0.01665670138838611
0.017836844302019043
0.01896317128566214
0.020032613952752472
0.021042189307010385
0.021989012595650736
0.022870309824371823
0.023683429872375338
0.02442585614750283
0.025095217723703253
0.025689299905461965
0.026206054166512022
0.026643607413101168
0.027000270525287706
0.027274546133170256
0.027465135588603324
0.02757094509679489
0.027591090976205185
0.027524904019347603
0.027371932931413257
0.027131946828078374
0.026804936778387356
0.02639111638321141
0.025890921384440657
0.02530500830475395
0.024634252122502056
0.023879742990913565
0.02304278201546601
0.022124876107834215
0.02112773193931185
0.020053249020978246
0.018903511942129164
0.017680781802587055
0.016387486878432535
0.015026212564435738
0.013599690639995016
0.012110787908693998
0.010562494264650023
0.008957910241632219
0.007300234103462273
0.005592748536462676
0.0038388070066747446
0.0020418198462223746
0.00020524013453902899
-0.0016674505588018529
-0.0035727565022140558
-0.0055071821333731955
-0.007467246325786767
-0.009449496523095716
-0.01145052267416025
-0.013466970902924895
-0.015495556848321372
-0.017533078611046568
-0.019576429245939234
-0.021622608740863983
-0.02366873542548396
-0.02571205675605255
-0.027749959425366164
-0.029779978750279924
-0.031799807292680275
-0.03380730267351611
-0.03580049454339498
-0.03777759067733434
-0.039736982165499875
-0.04167724767614271
-0.0435971567714443
-0.04549567226156884
-0.04737195158688721
-0.04922534722305011
-0.05105540610832826
-0.05286186809738209
-0.0546446634503479
-0.05640390937081014
-0.0581399056108465
-0.059853129165862266
-0.06154422808635023
-0.06321401443800079
-0.06486345644572347
-0.066493669861105
-0.06810590859660137
-0.06970155467332377
-0.07128210753261295
-0.07284917276468798
-0.07440445031048766
-0.07594972219538278
-0.07748683985571246
-0.07901771112107622
-0.0805442869169867
-0.08206854775384682
-0.08359249006925362
-0.08511811249134402
-0.08664740209128127
-0.08818232069303397
-0.08972479130832053
-0.09127668476398436
-0.09283980658812914
-0.09441588422008654
-0.09600655460771444
-0.09761335225364198
-0.09923769776989542
-0.10088088699786908
-0.10254408074785797
-0.1042282952093587
-0.10593439308008626
-0.10766307545816244
-0.10941487453822427
-0.1111901471482961
-0.11298906916018499
-0.11481163080191698
-0.11665763289635146
-0.11852668404561385
-0.12041819877639491
-0.12233139665650113
-0.1242653023883266
-0.12621874688017626
-0.1281903692916263
-0.13017862004438277
-0.13218176478541732
-0.1341978892845418
-0.1362249052440544
-0.1382605569936707
-0.14030242903966425
-0.1423479544330055
-0.14439442391732446
-0.14643899581374903
-0.14847870659610887
-0.15051048210665918
-0.15253114935938616
-0.15453744887512155
-0.1565260474901322
-0.15849355157757197
-0.1604365206192014
-0.16235148106310246
-0.1642349404017513
-0.16608340140376704
-0.1678933764319331
-0.1696614017796953
-0.17138405195827727
-0.1730579538668207
-0.17467980077855164
-0.17624636607689523
-0.17775451667670125
-0.17920122606729785
-0.18058358691595286
-0.18189882317248118
-0.18314430161818254
-0.1843175428050143
-0.18541623133388638
-0.1864382254241929
-0.18738156573015471
-0.18824448336321922
-0.1890254070836318
-0.189722969628338
-0.19033601314657686
-0.19086359371886227
-0.19130498493950243
-0.19165968054735066
-0.19192739609409754
-0.19210806964407637
-0.1922018615042436
-0.19220915298768465
-0.19213054421866685
-0.1919668509918852
-0.1917191007031079
-0.1913885273728975
-0.190976565789445
-0.19048484480078207
-0.18991517979071174
-0.18926956437670223
-0.1885501613716993
-0.18775929305531552
-0.1868994308031298
-0.1859731841258636
-0.1849832891729759
-0.1839325967577231
-0.1828240599629522
-0.18166072138882305
-0.18044570010528033
-0.1791821783734094
-0.17787338820080753
-0.17652259779677537
-0.17513309799348478
-0.17370818869930058
-0.17225116545013108
-0.17076530612405352
-0.1692538578835104
-0.1677200244081059
-0.1661669534794543
-0.16459772497765235
-0.16301533934677548
-0.16142270658434169
-0.15982263580696351
-0.1582178254414259
-0.15661085408720593
-0.15500417209300177
-0.15340009388618148
-0.1518007910902153
-0.15020828646113726
-0.14862444866991215
-0.1470509879532839
-0.1454894526512728
-0.14394122664499126
-0.14240752770388657
-0.14088940674691444
-0.13938774801752274
-0.1379032701677036
-0.13643652824177668
-0.13498791654602033
-0.13355767238579108
-0.13214588064739125
-0.1307524791976761
-0.12937726507026265
-0.12801990140322717
-0.12667992508938128
-0.12535675509661384
-0.12404970141239632
-0.12275797456338973
-0.1214806956581769
-0.12021690689848988
-0.11896558250192092
-0.11772563997701001
-0.11649595168980068
-0.11527535665946043
-0.11406267251937746
-0.11285670757927936
-0.11165627292337539
-0.1104601944793051
-0.10926732499278344
-0.10807655584326586
-0.10688682863671388
-0.1056971465126192
-0.10450658510383704
-0.1033143030894798
-0.10211955228312365
-0.10092168720087152
-0.0997201740563865
-0.09851459913284696
-0.0973046764848643
-0.09609025492673179
-0.09487132426692199
-0.09364802075250277
-0.09242063169108058
-0.0911895992219843
-0.0899555232126535
-0.08871916326057142
-0.08748143978556243
-0.0862434342018354
-0.08500638816377544
-0.08377170188414364
-0.08254093152801602
-0.08131578569045442
-0.08009812097053184
-0.0788899366589093
-0.077693368560658
-0.07651068197941802
-0.0753442638932598
-0.07419661435674832
-0.07307033716767906
-0.07196812984074254
-0.07089277293395956
-0.06984711877709614
-0.06883407965439724
-0.06785661549685763
-0.06691772114186145
-0.06602041322035593
-0.06516771673376875
-0.06436265138462106
-0.0636082177262211
-0.0629073831979399
-0.06226306811336338
-0.06167813166908209
-0.06115535804201632
-0.06069744264298118
-0.06030697859367276
-0.05998644349340556
-0.05973818654075683
-0.05956441607378055
-0.0594671875906496
-0.05944839231047765
-0.059509746331672685
-0.059652780442492906
-0.059878830635526105
-0.060189029374609564
-0.06058429765926439
-0.061065337928052486
-0.06163262783839388
-0.06228641495632507
-0.06302671238545582
-0.06385329536001139
-0.06476569882235253
-0.06576321600076632
-0.06684489799864086
-0.06800955440139814
-0.06925575490278411
-0.0705818319473282
-0.07198588438100648
-0.07346578209739975
-0.07501917166195031
-0.0766434828923131
-0.07833593636829046
-0.0800935518404562
-0.08191315750233592
-0.0837914000869366
-0.08572475574452913
-0.0877095416549021
-0.0897419283238405
-0.091817952510357
-0.09393353072823121
-0.09608447326270748
-0.0982664986407792
-0.1004752484913569
-0.10270630272979053
-0.10495519499970103
-0.1072174283038805
-0.1094884907551493
-0.1117638713775169
-0.11403907588778293
-0.11630964238783807
-0.11857115689837858
-0.12081926866553308
-0.1230497051730103
-0.12525828679380702
-0.1274409410172598
-0.12959371618927246
-0.131712794705895
-0.13379450560305714
-0.13583533648815588
-0.13783194476235183
-0.13978116808582258
-0.1416800340418414
-0.14352576895937544
-0.14531580585791165
-0.14704779148240188
-0.14871959240054944
-0.15032930013911802
-0.15187523534050762
-0.15335595092548937
-0.15477023425269926
-0.15611710827023648
-0.15739583165947305
-0.15860589797593377
-0.15974703379682678
-0.160819195889472
-0.16182256741946505
-0.16275755322190547
-0.16362477416338836
-0.16442506062668735
-0.16515944515412315
-0.16582915428949607
-0.166435599662145
-0.16698036836016028
-0.16746521264300895
-0.16789203904680988
-0.1682628969382119
-0.1685799665752654
-0.16884554673582558
-0.1690620419758743
-0.16923194958168747
-0.16935784628100048
-0.16944237477922722
-0.16948823018736797
-0.16949814640849198
-0.1694748825496039
-0.16942120942529848
-0.16933989621887738
-0.16923369736555147
-0.16910533972098357
-0.16895751007675192
-0.1687928430823373
-0.16861390963097156
-0.16842320576413955
-0.1682231421467164
-0.16801603416165928
-0.16780409266987414
-0.16758941547736
-0.1673739795480115
-0.1671596339965572
-0.16694809389204182
-0.16674093489804867
-0.1665395887715225
-0.16634533973761662
-0.16615932175347198
-0.16598251666926245
-0.16581575329023338
-0.16565970733884205
-0.16551490231150093
-0.16538171121985215
-0.16526035920198603
-0.16515092698457945
-0.16505335517259553
-0.16496744933897328
-0.16489288588266762
-0.1648292186194955
-0.16477588606652205
-0.16473221937720045
-0.16469745088117868
-0.16467072317961953
-0.16465109874406575
-0.16463756996433013
-0.1646290695886172
-0.16462448149709621
-0.16462265174845805
-0.16462239983760657
-0.16462253010156647
-0.16462184320994042
-0.16461914767581964
-0.1646132713229492
-0.16460307264517038
-0.16458745199470753
-0.164565362536733
-0.1645358209088261
-0.16449791752543616
-0.16445082646925668
-0.1643938149135091
-0.1643262520215113
-0.16424761727255405
-0.16415750816601685
-0.16405564725880764
-0.1639418884945934
-0.16381622278688412
-0.1636787828218226
-0.16352984705049928
-0.16336984284473413
-0.16319934879452724
-0.16301909612975346
-0.16282996925314505
-0.1626330053761446
-0.16242939325379896
-0.16222047101947856
-0.16200772312482423
-0.16179277639492046
-0.16157739521324976
-0.16136347585547248
-0.1611530399954788
-0.16094822741145334
-0.16075128792385499
-0.16056457260122603
-0.1603905242735848
-0.16023166739680492
-0.16009059731482547
-0.15996996896975108
-0.15987248511287322
-0.15980088407236062
-0.159757927135811
-0.1597463856080192
-0.1597690276061848
-0.15982860465634682
-0.15992783815608735
-0.16006940576948
-0.1602559278208727
-0.1604899537543794
-0.160773948725914
-0.1611102803942284
-0.1615012059767208
-0.1619488596347581
-0.16245524025191668
-0.16302219966689288
-0.16365143142087607
-0.16434446007692272
-0.16510263116633048
-0.165927101814199
-0.16681883209329068
-0.16777857715198813
-0.16880688015859777
-0.1699040661004907
-0.171070236472619
-0.17230526488581857
-0.17360879362102666
-0.17498023115112551
-0.17641875064759452
-0.17792328948453132
-0.17949254974791443
-0.1811249997532433
-0.18281887656993498
-0.18457218954609705
-0.1863827248225632
-0.1882480508203879
-0.19016552468137787
-0.1921322996367098
-0.1941453332742688
-0.19620139667106248
-0.1982970843529417
-0.20042882503991064
-0.20259289313155612
-0.2047854208835854
-0.20700241122315377
-0.20923975114759974
-0.21149322564840517
-0.21375853209967222
-0.21603129504817092
-0.21830708134007223
-0.22058141551784985
-0.22284979541951938
-0.22510770791139065
-0.22735064468484384
-0.22957411804730601
-0.23177367663760226
-0.23394492099618672
-0.23608351892141988
-0.2381852205440483
-0.2402458730533552
-0.24226143501007977
-0.24422799018314112
-0.246141760849441
-0.24799912049854553
-0.24979660588685
-0.2515309283888964
-0.25319898459682866
-0.25479786612251604
-0.2563248685606381
-0.257777499574982
-0.25915348607434013
-0.26045078044868775
-0.2616675658407542
-0.2628022604326439
-0.2638535207318044
-0.2648202438453494
-0.26570156873650197
-0.2664968764617073
-0.2672057893917506
-0.26782816942497906
-0.2683641152054473
-0.26881395836346
-0.26917825880054785
-0.2694577990453656
-0.26965357771132054
-0.2697668020909052
-0.26979887992569856
-0.2697514103947997
-0.2696261743680437
-0.26942512397370827
-0.2691503715335329
-0.26880417792072625
-0.26838894039921773
-0.2679071800047036
-0.2673615285300369
-0.2667547151792021
-0.26608955295549286
-0.26536892485057084
-0.2645957699018132
-0.26377306918576293
-0.26290383181556753
-0.2619910810100366
-0.2610378403013615
-0.2600471199476316
-0.25902190361504684
-0.2579651353931833
-0.2568797072048118
-0.2557684466696226
-0.2546341054787698
-0.2534793483344392
-0.2523067425056711
-0.25111874804845125
-0.24991770873463554
-0.24870584373061225
-0.2474852400627513
-0.2462578459026574
-0.24502546470105713
-0.2437897501948286
-0.24255220230724522
-0.24131416395697863
-0.2400768187868078
-0.23884118981833813
-0.23760813903436548
-0.2363783678858525
-0.23515241871583656
-0.2339306770879871
-0.23271337500299621
-0.2315005949815407
-0.2302922749882216
-0.22908821416668643
-0.2278880793520933
-0.22669141232320264
-0.2254976377527011
-0.2243060718108921
-0.22311593137464444
-0.22192634379049028
-0.2207363571380222
-0.21954495093726842
-0.21835104724153834
-0.21715352205533706
-0.2159512170153582
-0.21474295127128515
-0.21352753350216946
-0.21230377400351472
-0.21107049677987957
-0.20982655157782437
-0.2085708257943629
-0.2073022561967422
-0.20601984039035584
-0.20472264797289355
-0.2034098313144384
-0.20208063590513112
-0.20073441021422198
-0.1993706150068124
-0.19798883206733847
-0.1965887722818534
-0.19517028303441142
-0.19373335487632382
-0.1922781274307339
-0.19080489449882088
-0.1893141083379768
-0.18780638308648212
-0.1862824973135177
-0.1847433956777685
-0.18319018968237866
-0.18162415751858385
-0.1800467429949553
-0.17845955355381304
-0.17686435738098774
-0.17526307961970056
-0.17365779770387235
-0.17205073583064057
-0.17044425859623435
-0.16884086382361377
-0.1672431746143953
-0.1656539306615447
-0.16407597886309777
-0.1625122632807529
-0.16096581449054806
-0.15943973837597075
-0.15793720441674067
-0.15646143352913167
-0.1550156855160549
-0.1536032461871916
-0.15222741421123512
-0.15089148776376793
-0.14959875103545078
-0.14835246066603602
-0.14715583217022737
-0.14601202642159394
-0.14492413626060446
-0.14389517329238005
-0.14292805493897165
-0.14202559180985627
-0.14119047545291843
-0.14042526654644746
-0.13973238359064627
-0.1391140921548206
-0.1385724947338145
-0.13810952126438644
-0.13772692034909784
-0.13742625123192684
-0.13720887656623873
-0.13707595601196224
-0.1370284406948516
-0.1370670685565819
-0.13719236062014617
-0.13740461819061958
-0.13770392100685167
-0.1380901263550604
-0.1385628691506581
-0.13912156298995948
-0.1397654021687296
-0.14049336465984788
-0.14130421603771548
-0.14219651433244157
-0.14316861579232987
-0.1442186815287745
-0.14534468501338382
-0.1465444203930039
-0.1478155115843311
-0.14915542210600383
-0.15056146560246586
-0.15203081701051763
-0.15356052431633027
-0.15514752084780914
-0.15678863804457088
-0.15848061864545532
-0.1602201302314406
-0.162003779060079
-0.16382812412612882
-0.1656896913819331
-0.1675849880502933
-0.16951051696211017
-0.1714627908509177
-0.17343834653661816
-0.17543375893123964
-0.17744565480037527
-0.17947072621512622
-0.18150574363084856
-0.18354756853079437
-0.18559316557482752
-0.18763961419577765
-0.18968411958865758
-0.19172402304089928
-0.1937568115549462
-0.19578012671795889
-0.19779177277703267
-0.19978972388216945
-0.20177213046327513
-0.20373732471164702
-0.20568382514075456
-0.20761034020557848
-0.2095157709643365
-0.21139921277106774
-0.21325995599224812
-0.2150974857453428
-0.21691148066194813
-0.21870181068290884
-0.22046853389749396
-0.22221189244335646
-0.22393230748856088
-0.2256303733214207
-0.22730685057821934
-0.22896265864307672
-0.23059886725824313
-0.23221668738693876
-0.2338174613744875
-0.23540265245690337
-0.2369738336692579
-0.23853267620907376
-0.2400809373126378
-0.2416204477044934
-0.2431530986824467
-0.2446808289021921
-0.24620561092712268
-0.247729437610032
-0.24925430837423104
-0.25078221546209273
-0.25231513021919505
-0.25385498948206026
-0.2554036821369847
-0.25696303591662245
-0.25853480449982885
-0.26012065497879916
-0.2617221557557493
-0.263340764929301
-0.2649778192283518
-0.26663452354855227
-0.2683119411435821
-0.27001098452023775
-0.27173240708292384
-0.2734767955694994
-0.27524456331658714
-0.27703594438842455
-0.27885098859914104
-0.28068955745400803
-0.2825513210307453
-0.28443575581740427
-0.28634214351870374
-0.28826957083799515
-0.2902169302372978
-0.29218292167310056
-0.2941660553008925
-0.29616465513668633
-0.298176863659159
-0.3002006473314743
-0.302233803017394
-0.30427396526195444
-0.3063186144027957
-0.30836508547421154
-0.310410577862153
-0.3124521656647849
-0.3144868087097878
-0.3165113641764237
-0.3185225987674681
-0.3205172013734584
-0.32249179616934226
-0.3244429560815276
-0.32636721656156464
-0.3282610896012216
-0.33012107792257084
-0.33194368927587564
-0.33372545077757165
-0.3354629232204676
-0.33715271528845236
-0.33879149760848454
-0.34037601657345923
-0.3419031078706839
-0.3433697096521528
-0.3447728752845727
-0.3461097856191591
-0.3473777607235786
