0.0
0.0
-2.395987142620892e-6
-7.163935662915248e-6
-1.4256050437926046e-5
-2.3601277519540168e-5
-3.5106064250241865e-5
-4.865536219465879e-5
-6.411386395216663e-5
-8.13274628227591e-5
-0.00010012492229739035
-0.00012031974045179737
-0.00014171219255526026
-0.00016409153357769217
-0.0001872383408035566
-0.00021092697545182856
-0.0002349281410686319
-0.00025901151551293254
-0.000282948432603866
-0.0003065145889474439
-0.00032949275111539647
-0.0003516754382129573
-0.0003728675549469574
-0.00039288895059041995
-0.00041157687973296245
-0.0004287883414040314
-0.0004444022740529563
-0.00045832158495900835
-0.00047047499391749954
-0.00048081867249436737
-0.0004893376617501175
-0.0004960470530915865
-0.0005009929188026187
-0.0005042529808172146
-0.0005059370084147603
-0.0005061869377195147
-0.0005051767081577712
-0.0005031118133476377
-0.0005002285662493275
-0.0004967930807691177
-0.0004930999743684432
-0.0004894707985617314
-0.0004862522064734976
-0.00048381386884821997
-0.0004825461520473605
-0.0004828575736090408
-0.00048517205287050335
-0.000489925975945725
-0.0004975650959955582
-0.0005085412912119047
-0.0005233092042482739
-0.0005423227879556643
-0.0005660317832154691
-0.0005948781553920863
-0.0006292925164507216
-0.0006696905600958143
-0.0007164695373795892
-0.0007700048001071839
-0.0008306464390250833
-0.0008987160432254537
-0.0009745036064343213
-0.001058264604882048
-0.0011502172702874901
-0.0012505400801314601
-0.0013593694858610645
-0.0014767978979659713
-0.0016028719450138823
-0.0017375910217398407
-0.0018809061391680633
-0.0020327190875222712
-0.0021928819203684393
-0.0023611967660506026
-0.0025374159700446044
-0.0027212425693855648
-0.0029123310978418516
-0.0031102887180309824
-0.003314676674220713
-0.003525012057150891
-0.003740769869867474
-0.003961385381297902
-0.0041862567521346065
-0.004414747915547933
-0.004646191693337174
-0.004879893126363954
-0.00511513299650962
-0.005351171515970341
-0.005587252158461311
-0.005822605605854752
-0.00605645378293329
-0.006288013952307422
-0.006516502841128005
-0.006741140771025223
-0.00696115576272562
-0.007175787587038369
-0.007384291734358779
-0.007585943275507357
-0.007780040587601091
-0.007965908919732792
-0.00814290377450559
-0.008310414082922787
-0.008467865151756473
-0.008614721364298552
-0.008750488617320813
-0.008874716479121051
-0.008987000055693362
-0.009086981554315605
-0.009174351536177343
-0.009248849852058889
-0.00931026625749732
-0.009358440706319108
-0.009393263323861983
-0.009414674063631267
-0.009422662053519134
-0.009417264640039962
-0.009398566141282972
-0.009366696321436786
-0.009321828601782541
-0.009264178024966624
-0.009193998991136064
-0.00911158278613522
-0.009017254923409159
-0.008911372322525857
-0.00879432034830636
-0.008666509735431255
-0.008528373424066597
-0.008380363332518008
-0.008222947093174884
-0.008056604778045944
-0.007881825640013211
-0.007699104895545819
-0.0075089405740215494
-0.007311830458008238
-0.007108269137866085
-0.006898745202854191
-0.006683738589570392
-0.006463718107034309
-0.006239139156052304
-0.006010441658693896
-0.005778048211777302
-0.005542362476223424
-0.00530376781200973
-0.0050626261662559515
-0.0048192772197205615
-0.0045740377946994325
-0.004327201525014825
-0.0040790387864830715
-0.0038297968839720556
-0.0035797004889236567
-0.0033289523190402725
-0.003077734049736295
-0.002826207444952346
-0.0025745156930387083
-0.002322784931650299
-0.0020711259439733015
-0.0018196360071365202
-0.0015684008723607745
-0.0013174968552778677
-0.0010669930139161042
-0.0008169533911096393
-0.0005674392975502304
-0.00031851161136660925
-7.023306999143973e-5
0.00017732946984031904
0.00042410282782559804
0.000670005374925725
0.0009149450099630318
0.0011588172597513388
0.0014015035234454856
0.001642869480530842
0.0018827636804403347
0.002121016330195796
0.0023574382947355627
0.0025918203227255528
0.0028239325086719734
0.003053524000076732
0.0032803229562187344
0.003504036762923446
0.0037243525054177743
0.003940937699076266
0.004153441275566883
0.0043614948196192575
0.004564714049384405
0.004762700531151102
0.004955043617049012
0.005141322592319857
0.005321109016792838
0.005493969243375266
0.0056594670946794575
0.005817166677366655
0.005966635312411085
0.006107446558284107
0.006239183303040081
0.006361440900460923
0.006473830324792739
0.006575981318190978
0.006667545504784383
0.006748199445274783
0.006817647606210185
0.006875625218501412
0.0069219010003948745
0.00695627972096131
0.00697860458120626
0.0069887593911447665
0.006986670522600793
0.006972308619080355
0.00694569004581388
0.0069068780649543275
0.006855983722938307
0.006793166439151875
0.006718634287274167
0.006632643962982784
0.006535500434076709
0.006427556271486614
0.006309210662079562
0.006180908106605957
0.0060431368085616145
0.005896426762127812
0.00574134754968787
0.00557850586168167
0.00540854275373134
0.005232130658034735
0.005049970167961738
0.004862786616586241
0.0046713264715294075
0.004476353569964282
0.004278645218925989
0.004078988187175239
0.0038781746157665956
0.003676997875169544
0.003476248397274184
0.003276709510880111
0.003079153309314616
0.002884336578653968
0.0026929968146305115
0.0025058483557014576
0.002323578658937225
0.0021468447443642735
0.001976269832177532
0.0018124401958302156
0.0016559022524251024
0.0015071599100835427
0.0013666721900703514
0.0012348511394191708
0.0011120600476498487
0.0009986119789138126
0.0008947686285630379
0.0008007395107314366
0.0007166814810632391
0.0006426985962405326
0.0005788423094710308
0.0005251119986169983
0.00048145582119646455
0.000447771888087713
0.0004239097454362739
0.0004096721520185936
0.0004048171371756998
0.000409060322410277
0.0004220774878572874
0.0004435073631062873
0.0004729546202862468
0.0005099930459330857
0.0005541688669569188
0.0006050042050192812
0.0006620006328279685
0.0007246428052644322
0.0007924021378802019
0.0008647405051370059
0.0009411139308209461
0.0010209762433332186
0.0011037826690457914
0.001188993337605676
0.001276076673969908
0.0013645126530473011
0.0014537958941032278
0.0015434385735392756
0.001632973136278527
0.001721954787755882
0.00180996375041669
0.0018966072706502275
0.001981521364210605
0.0020643722903890506
0.0021448577474800713
0.002222707784411087
0.0022976854257618032
0.0023695870097665706
0.0024382422412510514
0.002503513963784516
0.002565297657612077
0.0026235206721487133
0.0026781412039510472
0.0027291470331163425
0.002776554032974672
0.002820404469724288
0.0028607651102976056
0.0028977251582228067
0.002931394038552115
0.0029618990540519704
0.0029893829357837735
0.003014001311939336
0.0030359201193270054
0.003055312982228677
0.003072358583462308
0.003087238052388566
0.0031001323942950747
0.003111219985080263
0.0031206741544457066
0.0031286608798972684
0.0031353366127592256
0.003140846256131223
0.003145321313276244
0.0031488782233309804
0.0031516168994915683
0.0031536194829622217
0.00315494932397758
0.0031556501991381416
0.0031557457721493615
0.0031552393028468867
0.003154113607141397
0.0031523312682455278
0.0031498350972712875
0.0031465488390283428
0.003142378116630369
0.0031372116063470017
0.0031309224320409373
0.0031233697665209747
0.003114400625239189
0.0031038518359798846
0.0030915521665445668
0.00307732459094468
0.0030609886732850095
0.003042363047366629
0.003021267969069065
0.002997527917795188
0.0029709742226860848
0.0029414476889418756
0.0029088011994216406
0.0028729022667429507
0.0028336355113590876
0.002790905041558088
0.002744636711998878
0.002694780238270872
0.00264131114602769
0.002584232534494847
0.0025235766355754044
0.0024594061513654284
0.002391815354629938
0.0023209309386659706
0.0022469126049773406
0.002169953379289576
0.0020902796486263874
0.0020081509144331596
0.0019238592590500108
0.0018377285251881667
0.0017501132104296292
0.0016613970811321687
0.0015719915124602537
0.0014823335635585951
0.0013928837991197423
0.0013041238707523178
0.0012165538736143371
0.001130689495719699
0.0010470589791393063
0.0009661999139863997
0.0008886558875846923
0.0008149730125551782
0.0007456963587118588
0.0006813663146182683
0.0006225149054174075
0.0005696620941008279
0.0005233120937232343
0.0004839497181937809
0.00045203679918272397
0.0004280086963724401
0.00041227092775699754
0.0004051959459581312
0.0004071200855830264
0.0004183407055077602
0.00043911354863826116
0.0004696503401883574
0.0005101166438335528
0.0005606299932625472
0.0006212583146704847
0.0006920186536338051
0.0007728762175928544
0.0008637437428623096
0.0009644811927091013
0.0010748957906014604
0.001194742390260136
0.001323724181653108
0.0014614937295878085
0.0016076543390895514
0.0017617617393308805
0.0019233260755130127
0.0020918141958159867
0.002266652218346575
0.0024472283609395943
0.00263289601472533
0.002822977040578546
0.0030167652659271733
0.0032135301579339893
0.0034125206477839567
0.0036129690797232993
0.003814095257612349
0.004015110561079502
0.004215222102903434
0.004413636899008518
0.0046095660224358525
0.004802228712849431
0.004990856413551981
0.005174696708614337
0.00535301713356071
0.00552510883409295
0.005690290048571416
0.005847909391388319
0.005997348915959935
0.00613802693781401
0.006269400600143981
0.006390968166226931
0.0065022710252413685
0.006602895400256689
0.006692473749480705
0.00677068585422634
0.006837259589474565
0.0068919713753485485
0.0069346463102544454
0.006965157988867763
0.006983428010531605
0.006989425185965348
0.006983164452440976
0.006964705509751513
0.006934151191354693
0.00689164558700901
0.006837371935013373
0.0067715503038018095
0.006694435084118235
0.006606312314291893
0.006507496862241669
0.0063983294887488065
0.006279173817245711
0.006150413235868505
0.006012447757809209
0.00586569086607833
0.005710566368650071
0.005547505289612256
0.005376942821384755
0.005199315362308847
0.005015057662952473
0.004824600103330949
0.004628366121919462
0.0044267698158438
0.004220213729992045
0.004009086851006169
0.003793762820203883
0.003574598377463431
0.0033519320459945694
0.003126083065735026
0.0028973505808718098
0.0026660130847093195
0.002432328122810333
0.00219653225304071
0.0019588412588730643
0.0017194506100676574
0.0014785361626688627
0.0012362550881508316
0.0009927470195338795
0.0007481354003902522
0.0005025290208800961
0.0002560237233203194
8.70425830416891e-6
-0.00023935372892997452
-0.00048808160332494997
-0.0007374155584276462
-0.0009872943715727727
-0.001237657119555027
-0.0014884408788752908
-0.001739578434796876
-0.0019909960233891635
-0.0022426111304687073
-0.002494330370874166
-0.0027460474708351813
-0.002997641375322071
-0.0032489745012001226
-0.0034998911557681395
-0.003750216138845859
-0.003999753545000692
-0.004248285780783795
-0.004495572809993009
-0.004741351638010972
-0.004985336044196926
-0.005227216569157561
-0.005466660761503385
-0.00570331368643098
-0.005936798696176841
-0.006166718460084248
-0.00639265624973003
-0.006614177472292012
-0.006830831443119399
-0.007042153386315698
-0.007247666650075018
-0.007446885121545
-0.007639315824139684
-0.007824461678508884
-0.00800182440680158
-0.008170907558452742
-0.008331219634487895
-0.008482277286288153
-0.008623608563899654
-0.008754756188312706
-0.008875280821683618
-0.008984764309230314
-0.009082812866504074
-0.009169060185924846
-0.009243170436865815
-0.009304841134181464
-0.00935380585088815
-0.009389836751720946
-0.009412746925497885
-0.009422392495613186
-0.00941867448954427
-0.009401540449980874
-0.009370985772055281
-0.009327054753155687
-0.009269841343924492
-0.009199489591263103
-0.009116193766467044
-0.009020198173981859
-0.008911796638682338
-0.008791331672016268
-0.008659193319799505
-0.00851581769688243
-0.00836168521630931
-0.008197318522942637
-0.008023280143805383
-0.007840169869586983
-0.007648621883846402
-0.007449301658410853
-0.0072429026352960986
-0.007030142717148958
-0.006811760589721264
-0.006588511901214894
-0.006361165324478867
-0.006130498528982673
-0.005897294090227265
-0.005662335364780462
-0.005426402359432609
-0.00519026762305848
-0.004954692189641838
-0.004720421600570535
-0.004488182033745239
-0.004258676566268119
-0.004032581596495121
-0.0038105434500545184
-0.003593175193064415
-0.003381053674233663
-0.003174716815816266
-0.002974661171522392
-0.002781339767484243
-0.0025951602402480406
-0.002416483283531082
-0.0022456214131627624
-0.0020828380572389697
-0.0019283469760791759
-0.0017823120141041025
-0.0016448471832685183
-0.0015160170752080702
-0.0013958375968105847
-0.0012842770215202217
-0.0011812573463461165
-0.0010866559422940596
-0.0010003074837879552
-0.0009220061406141572
-0.0008515080140221351
-0.0007885337968641134
-0.00073277163606788
-0.0006838801743232224
-0.000641491746634233
-0.000605215706356435
-0.0005746418545070872
-0.0005493439455153272
-0.0005288832421704694
-0.0005128120923345772
-0.0005006775000103845
-0.0004920246635970734
-0.00048640045462184587
-0.0004833568109005116
-0.00048245401894959114
-0.0004832638615382446
-0.00048537260752161497
-0.0004883838225273967
-0.0004919209806626148
-0.0004956298591545061
-0.0004991806997235226
-0.0005022701224922747
-0.0005046227803452138
-0.0005059927438526144
-0.0005061646091409909
-0.0005049543234118715
-0.0005022097251629029
-0.000497810798530404
-0.000491669643531439
-0.0004837301663170827
-0.00047396749583782896
-0.00046238713554849585
-0.00044902386092549306
-0.0004339403756165694
-0.0004172257409756749
-0.00039899359553775474
-0.0003793801826456952
-0.0003585422059409742
-0.00033665453375886976
-0.00031390777461778305
-0.0002905057469512624
-0.0002666628669931616
-0.00024260147928513608
-0.00021854915462714156
-0.0001947359804332525
-0.00017139186838614043
-0.000148743904004882
-0.000127013762255057
-0.00010641521264167462
-8.715173634034763e-5
-6.941427684792911e-5
-5.3379144379692045e-5
-3.9206092816701316e-5
-2.703658642632669e-5
-1.6992271854165643e-5
-9.17366903147555e-6
-3.6590926740958e-6
-5.038139832390197e-7
2.605299872850772e-7
-1.3737259590534053e-6
-5.390193379031728e-6
-1.1748605062092094e-5
-2.038524500204162e-5
-3.1213629642317635e-5
-4.412543433090093e-5
-5.8991656733357e-5
-7.566400683374574e-5
-9.397651112096108e-5
-0.00011374731662943684
-0.00013478067869424523
-0.0001568691146065725
-0.00017979570383045972
-0.00020333651407839694
-0.00022726313135336973
-0.0002513452710584001
-0.0002753534464601003
-0.0002990616701772969
-0.0003222501639548036
-0.0003447080517796401
-0.00036623601140444746
-0.0003866488595608328
-0.00040577804657245534
-0.00042347403671072947
-0.0004396085514701808
-0.00045407665396933147
-0.0004667986538983601
-0.00047772181382708706
-0.0004868218392450034
-0.0004941041364165979
-0.000499604823986469
-0.0005033914862447072
-0.0005055636580479086
-0.0005062530335680994
-0.0005056233932931749
-0.0005038702460100083
-0.0005012201848463818
-0.0004979299588113191
-0.0004942852636360243
-0.0004905992580601728
-0.0004872108140116822
-0.0004844825113734427
-0.0004827983901994463
-0.00048256147531752124
-0.00048419109021937833
-0.00048811997897474927
-0.0004947912565998456
-0.0005046552098471345
-0.0005181659717507533
-0.0005357780944482486
-0.0005579430457947894
-0.0005851056560820136
-0.0006177005417633769
-0.0006561485334660305
-0.000700853135732309
-0.0007521970458800421
-0.0008105387591000501
-0.0008762092864229898
-0.0009495090114896021
-0.0010307047111534453
-0.0011200267638401826
-0.0012176665682907726
-0.001323774193837439
-0.0014384562817124273
-0.0015617742150830932
-0.0016937425735568167
-0.0018343278858208158
-0.001983447691891391
-0.002140969924161576
-0.0023067126140735887
-0.0024804439288213646
-0.002661882540027884
-0.0028506983238612963
-0.003046513389572588
-0.0032489034309752213
-0.0034573993929632564
-0.003671489442798016
-0.003890621233603068
-0.00411420444531122
-0.0043416135862226705
-0.0045721910363768535
-0.004805250312127318
-0.0050400795296534
-0.005275945043657573
-0.00551209523619481
-0.005747764429470311
-0.005982176895533187
-0.006214550935093263
-0.006444102997201432
-0.0066700518112647435
-0.006891622502817545
-0.007108050664639818
-0.0073185863552018
-0.007522497997016819
-0.007719076148297083
-0.007907637122323168
-0.008087526430149155
-0.00825812202366169
-0.00841883731758163
-0.008569123970728672
-0.00870847440874852
-0.008836424072513591
-0.008952553378536055
-0.009056489379958869
-0.00914790711899874
-0.00922653066408621
-0.009292133827363247
-0.009344540560638749
-0.009383625030347686
-0.009409311374490819
-0.009421573146929763
-0.009420432456757553
-0.009405958812739236
-0.00937826768500253
-0.00933751879823781
-0.009283914172623486
-0.009217695930511687
-0.009139143888576043
-0.00904857295662516
-0.008946330365610565
-0.008832792748496344
-0.008708363098600643
-0.008573467630759765
-0.008428552571198202
-0.00827408090230906
-0.008110529088656825
-0.007938383810408105
-0.0077581387300773704
-0.007570291317946887
-0.007375339760788028
-0.007173779977581388
-0.00696610276481384
-0.0067527910926314496
-0.006534317571659203
-0.006311142108674255
-0.0060837097675525646
-0.005852448850014319
-0.005617769208687267
-0.005380060802905852
-0.005139692505485357
-0.004897011166472332
-0.004652340937593963
-0.0044059828588287235
-0.004158214706217699
-0.003909291097749463
-0.003659443851900257
-0.0034088825912141473
-0.003157795581182841
-0.0029063507926496814
-0.002654697174033611
-0.002402966117862649
-0.0021512731044374977
-0.0018997195039280287
-0.0016483945168511518
-0.0013973772316990061
-0.0011467387774913187
-0.0008965445482232767
-0.0006468564755769616
-0.00039773532586526216
-0.000149242996985443
9.855520882320532e-5
0.0003455883603971757
0.0005917777447886056
0.0008370348090375225
0.0010812592186525117
0.0013243370538504073
0.0015661391633975297
0.0018065196945142516
0.0020453148157626943
0.002282341648146891
0.0025173974178297814
0.002750258841927019
0.0029806817567898857
0.003208400996055543
0.003433130523540116
0.003654563823796927
0.0038723745508772926
0.004086217433533605
0.004295729432813054
0.004500531145724351
0.004700228446438061
0.004894414354322176
0.005082671116036406
0.005264572486928683
0.0054396861951122935
0.005607576569867372
0.0057678073144211105
0.005919944401730214
0.006063559070629198
0.006198230898629898
0.006323550926770337
0.006439124811222776
0.00654457597588748
0.006639548739925122
0.0067237113941194995
0.006796759200114682
0.006858417286936079
0.006908443419780888
0.006946630616846009
0.006972809590944911
0.006986850993841843
0.006988667442593164
0.006978215308721015
0.006955496252742188
0.006920558488421567
0.0068734977631005984
0.006814458042551233
0.006743631891008247
0.006661260539320295
0.006567633636514468
0.006463088682471843
0.006348010141843382
0.006222828241777345
0.006088017458461536
0.005944094699886932
0.005791617194594292
0.005631180098453386
0.005463413833727236
0.00528898117677354
0.0051085741127153885
0.004922910477257642
0.00473273040751897
0.00453879262527896
0.004341870577392559
0.004142748459289328
0.003942217148443274
0.003741070075462278
0.003540099060998214
0.0033400901470150945
0.0031418194510700872
0.002946049072159894
0.002753523076363381
0.0025649635899728093
0.002381067027054667
0.0022025004774226444
0.0020298982798472613
0.001863858803977894
0.0017049414629241749
0.0015536639767467536
0.0014104999052556191
0.0012758764665220656
0.0011501726553936151
0.0010337176740764053
0.0009267896845342281
0.0008296148900657306
0.0007423669509800976
0.0006651667368159711
0.0005980824150579224
0.0005411298738190278
0.0004942734734965449
0.0004574271199896567
0.0004304556497126937
0.00041317651436264695
0.00040536175122386276
0.0004067402227326356
0.0004170001070959746
0.0004357916199771234
0.0004627299456392547
0.0004973983544906454
0.0005393514827106503
0.0005881187485656201
0.0006432078791555004
0.0007041085206717739
0.0007702959048003352
0.0008412345436719064
0.000916381925749037
0.00099519218524213
0.0010771197180651575
0.001161622717970882
0.0012481666073398698
0.0013362273381302375
0.0014252945397170052
0.0015148744917509397
0.001604492901735035
0.0016936974687392773
0.001782060216536807
0.001869179581431559
0.001954682242142661
0.0020382246812969728
0.0021194944703403083
0.002198211271991577
0.002274127556713382
0.0023470290320384284
0.0024167347859540794
0.002483097147888403
0.0025460012731410614
0.002605364458842739
0.0026611352016894154
0.0027132920097651518
0.0027618419827225337
0.0028068191764177913
0.0028482827697831853
0.0028863150532490982
0.002921019259390143
0.002952517257652734
0.002980947136016648
0.003006460693242291
0.0030292208659526264
0.0030493991151893853
0.003067172797264582
0.0030827225436993373
0.0030962296748032313
0.0031078736710012616
0.003117829725365976
0.0031262663999652687
0.0031333434075989904
0.003139209539278839
0.0031440007564163775
0.003147838465135235
0.0031508279884286954
0.003153057250057257
0.00315459568213771
0.00315549336633216
0.003155780416419341
0.0031554666078393656
0.003154541257565057
0.003152973355386946
0.0031507119454238885
0.003147686754406032
0.003143809061040555
0.003138972798581903
0.0031330558806054692
0.0031259217379446427
0.0031174210528129398
0.0031073936743118394
0.0030956706978362883
0.003082076689347854
0.0030664320341032263
0.0030485553882149356
0.003028266210392082
0.0030053873503704254
0.002979747669900593
0.0029511846717261625
0.00291954711175386
0.0028846975695984486
0.0028465149528756053
0.002804896911016
0.002759762134980103
0.002711052520061283
0.002658735169968358
0.0026028042215700503
0.0025432824710533643
0.0024802227837849413
0.0024137092718566305
0.0023438582251303717
0.0022708187835582764
0.002194773340625745
0.0021159376699318917
0.002034560769164938
0.001950924418032457
0.001865342449048742
0.0017781597324450864
0.0016897508788342637
0.0016005186656086092
0.0015108921953627822
0.0014213247968885873
0.0013322916814716846
0.0012442873693107555
0.0011578229028614924
0.0010734228657643186
0.0009916222277307264
0.0009129630373241947
0.0008379909859649583
0.0007672518677016418
0.000701287960316777
0.000640634354158744
0.0005858152557125505
0.0005373402933306157
0.000495700852738539
0.0004613664699075813
0.00043478130864499554
