22.12774200003149
22.05380775819904
22.193290541786073
21.9663888116342
21.596225437094077
21.825682380099632
21.69970294964072
22.326088099954674
22.38930252000402
22.1500226392114
21.985416390753922
21.87395633180883
22.12046598848111
21.735275712034248
21.70744058206661
21.340777639914528
21.386041035019577
21.990519379000972
21.646927662833512
21.629430275620894
21.671709246901166
21.583404525644518
22.063155054112197
21.718443783805114
21.45566297693917
21.38686114039451
21.6298254603913
21.599240202823182
22.04858454104687
22.04409427382738
21.499059634438122
21.66491496804185
21.567294303941203
21.760658934936075
21.618375606747644
21.71345293162449
21.57427227328825
21.93327526232372
21.481915740439025
21.64300543214451
21.65823254214686
21.84525150555512
21.84597831524302
21.9097536531764
21.66245734051843
21.507943812836093
21.325151399855127
21.94060685556798
21.736806562254657
21.37117053888062
21.802031413364404
22.294623506503928
21.494248056218467
21.68642966602898
22.23032145043004
21.82301544352268
22.27187667145245
21.931433298539595
21.689241042972732
21.589378706424846
21.765559930155554
21.919944888371468
21.888815764005344
21.9472771505159
21.888473992629827
21.96115349345029
21.6321814283839
21.599148151031407
21.552547506630546
21.385013414935163
21.50410999944827
21.432291729406607
21.579109219008444
21.66436237090348
21.497809313734592
21.279202591715478
21.90839444392457
21.611982675364754
21.33145521481048
21.254925453760443
21.27947923562529
21.081330796914816
21.19133843455749
20.914571200271727
20.985021287412906
20.61974941339286
20.822024114903815
20.185160444578223
20.403915429133175
19.80183854042711
20.17444776646272
20.08223830227408
19.792842511110628
19.98282062161248
19.769285641559012
19.91703371407078
19.800880013461114
19.301562563293892
19.27036595709513
19.346547584559136
19.021541469042827
19.14192435458761
19.13234613750712
18.813333504474823
19.180573926842918
18.643037174224126
18.83151346535756
18.66181547750769
18.81044246220846
18.92554651062345
18.365519310502528
18.581857660844502
18.631850831725824
18.911668377698888
19.046197162565065
19.341124739388757
19.41921062663922
19.09479285494614
19.541635346027178
19.49070252989024
19.487232641568507
19.986853298259174
19.73718649653518
19.90995694384279
19.795252584030905
19.946080609165982
19.691662137501737
19.553927900727704
20.188191620719024
19.919219464748686
20.149309117960602
20.181175859505192
20.311157309103304
20.281698341148093
20.537728049728354
20.807551094383218
20.68086683021989
20.66077420443942
20.933403921690026
20.56775869040729
20.86859521487287
20.847305900379574
20.61194393511417
20.596087670872024
20.66074943567374
20.45505211705362
20.465663499535083
20.533267980219367
20.519678891720556
20.658918570618475
20.63830521737056
20.300218208216435
20.548636003920052
20.411043012222795
20.528543712812542
20.856264356192167
20.804049883592928
20.542505137551004
20.620110729468298
20.407568490907476
20.913108430141854
20.60846916601923
20.832248023286077
20.411089586147067
20.546074635261956
20.818139688856128
20.305219922517125
20.804376276108417
20.936511958914362
20.476647151733548
20.156661446121998
20.70097260846288
20.646946043614985
20.293275824936806
20.817067346399426
20.312770274521426
20.27215918240976
19.97160670405493
20.080958206313095
19.958471583676033
20.072320923914642
20.09293956748509
19.571466301371018
19.5030792685696
19.045882129725403
19.72417691200319
19.690270106652314
19.925600225194213
19.479302496985184
19.973244491504285
19.635009070119544
19.911570731978745
19.65214022882195
19.865081698359962
19.984097320222727
20.585778821813225
20.11082889801883
20.059228936907136
20.317279980922855
19.88927419248236
20.335578047084187
20.48028918057099
20.141501373146475
20.57059327386354
20.218679885852957
20.074211735998112
20.29344410057803
20.01037999623367
20.257386595324274
19.968433300873485
20.26401123256057
19.740064546116766
19.504717638570344
19.50497111082341
19.24328903909534
19.17093787515338
19.247859014106915
19.090449641054093
18.962356808062587
19.008283327308995
19.200420546154742
19.117607977903383
18.623408017071878
19.09948744397741
18.72897649282106
19.078658137367867
18.52508187535337
18.782512837757487
19.41791873527934
18.76628331553088
19.52410292888929
19.19295399180426
18.930859386121323
19.24742368408386
19.37333685733894
19.707860513187168
19.657755672364935
19.467685115078265
19.342772125055422
19.50478164402675
19.65390439745249
19.60530986095126
19.87536412524842
19.413050657508613
19.806546049880218
19.64049939719072
19.73765272569948
19.804030996606237
19.58226376942759
19.696607682545746
19.82261905376559
19.9051959285984
19.775406531035802
19.84490439293008
19.419065716378498
19.831441257181154
19.56099367594419
19.482059715469227
19.14274044288559
19.388331928931745
19.610952217046044
19.229440936982318
19.67056005150803
19.606024736638805
19.507916009363676
19.070276027052902
19.667627998962192
19.434930163662493
19.076268771872584
19.27957727015596
19.106220525044062
19.339564063622728
19.27242556907137
19.169017007344078
19.36359935514652
19.029446575971416
19.539127408519594
19.34714069875046
19.846233465309645
19.438731386697086
19.866781097008445
19.62531851901918
19.846563217321414
19.768867502992784
19.910238510174683
20.10163912052657
19.468465548446368
19.955693433023956
19.989655117201533
19.600778555241497
19.787245586247792
20.573582745257745
19.956342420740224
20.42797614965633
20.327163777445328
20.429258794542758
20.08285065866669
20.616416539948485
20.44986020676896
20.184864987036402
20.4551941453861
20.42349995675356
20.718531781446075
20.6994303042835
20.43792022095959
21.11389952259562
20.49438239117508
21.223076992978026
20.954551741533916
20.617749957172883
20.520600668431214
21.302729463467916
20.761157836320702
20.86481890494432
20.420892834570214
20.96074783276155
20.73441433473872
20.813594688129044
20.49518803649749
20.216903025542678
20.408292836833507
20.13244933555465
20.66495027770229
20.358581375892182
20.027870539821656
20.31764800345382
20.295880893867643
20.058680038329697
20.013914096968804
19.778213175978458
19.75251951600156
19.827085331569872
19.616510431323373
19.849714952339077
19.678676388132512
19.51896865554875
19.901772101402198
19.484220469553584
19.80888343834537
19.639935162580993
19.74027312441581
19.987165198073313
19.38858211056295
19.60168342033397
19.46673400851003
19.92461252646112
19.477887553047193
19.953286661785903
19.691980316727257
19.806900660765937
19.92215172002777
19.864974562289614
19.938732594865222
20.204417936912932
20.205389340645045
20.392885812051357
20.904391514557624
20.603701820108352
20.562395751969134
20.759396545638367
20.789748906161854
20.239773738193907
20.786635604105708
20.78125028435174
20.520707133328724
20.8435113473096
20.592473150177028
21.058251342965345
20.277827595725743
20.94605392436293
20.82478870394234
20.345697001516545
20.917383146651147
20.87227756303993
21.10074459199633
20.268721485755588
20.63898835324235
20.688043608387968
20.698696678775367
20.616633682833506
20.677539102114196
20.234642776554182
20.41149470838699
20.171604810424427
20.174462924202718
19.99623726342686
20.237984751753316
20.728127760795807
19.896485292208958
19.717976140941676
20.021796248533796
19.696890341567975
19.410952985361885
19.273461922281435
19.185358564615953
19.2732316165204
18.843541448558067
18.946497666318947
19.047431748529444
19.090494288976625
18.578422143147865
18.75067322748859
18.444426002524366
18.108196660309805
17.632750142361918
17.812728048022077
17.561713213041877
17.506878144364574
17.23615992528716
17.024462889773957
16.669306179568025
16.984909201986245
16.24930154072599
15.685350927644254
16.13160022195431
16.113401542874225
15.747263903720464
15.651389685116078
15.78816860074371
15.917753333992904
15.752848538562686
15.46292128453857
15.342084704606775
15.442613448744117
15.09804248322968
15.412409649414064
15.23326834528508
15.336452160898604
15.326782934020741
15.438227416563114
15.677258471109392
15.935081066751001
15.709991434360226
15.564023714180777
15.010524638939536
14.713589447727687
15.221833733075044
14.857702724131974
14.971705086670722
15.346258615300494
15.288393408752931
15.327019203183616
15.002206977394925
15.306494770029946
14.844932840115508
14.903984041558177
15.176828138882836
14.67038448953022
15.205472310997953
14.866667661843422
14.94933154681865
15.157239382186118
15.252061736126198
14.851246590351906
15.161484887817489
15.198763814869261
15.137338536446594
15.397483057674652
14.869081568598542
15.483103355110186
14.843526768773172
14.919915798290134
15.027245896877714
15.139731381425833
15.43498049146114
15.12769038087482
15.032537801206765
14.942474103786445
14.783830767638081
14.993931118435817
15.200260693781894
15.034314301082897
14.892412888309972
15.19777900607579
14.578447506976532
15.319160586579049
15.193618115664295
14.79674094029233
15.008515696250601
14.913789859310143
15.109713362202845
14.964593946758173
15.042841506085576
15.368153973951129
15.361286804354846
15.083214605818396
15.11326745838865
15.260884777239102
15.042603295253056
15.186681443831677
15.200972844795356
15.323926486141094
15.11047825059528
15.31546534176015
15.264561615219275
15.105923666243415
15.336492868132982
15.09814354002233
15.25204145049954
15.58587666481929
15.679590477083867
15.563145949508069
15.310569883010228
15.35278157580676
15.570133304623239
15.492167570421696
15.50049847773072
15.49796500872721
15.954745819840943
15.566984887148605
16.06015415706243
15.867147992207308
15.715930170846494
16.00032422049601
15.718911614423398
16.0732047397422
16.28517185242755
16.08593873840732
16.084071347105333
16.405004321701394
15.818980486901253
16.255957055766338
16.53158922332165
16.037160337508947
16.146404329814583
16.42775340956288
16.581727928175717
16.70705571035874
16.743156277497018
16.508701603273753
16.207837525927772
16.641160260809805
16.732387427900598
16.75223146911136
16.74288836439898
16.95758241894992
17.188871692099124
16.96026570918182
17.17087315194282
17.196856165033804
17.129082514935668
16.769114296588302
17.515714901591437
16.8807021529598
17.00953200330637
16.883607906702274
17.508511317400988
17.015139916594446
17.137084867974288
17.045506463110005
17.205426937489975
17.148686838795957
17.22013279482211
16.99940487834419
17.266955320243568
17.109247841263915
17.200486559928787
17.523453861013333
17.00226843623574
17.608120269070383
17.033393200650405
17.530138759246135
17.301980967515963
17.33611902410756
17.05289058742907
16.666147051746865
17.512526384032316
17.639599723706734
17.5888246503802
17.8182091035129
17.49736835929958
18.086537480477496
17.481756222264174
17.778452249213267
17.60182730494937
18.039636487630734
17.4324167579338
17.677709681021813
18.036921446440232
17.92136482171006
18.15858508795826
17.84166461256839
17.982604195079997
18.507417530235188
18.285780123404617
18.2663228952835
18.41980512222446
18.641635617013932
18.127586886836486
18.650182492145845
18.60846668671461
18.28379869658336
19.186761819246374
19.180961797437547
19.086725193922057
18.71304630706808
18.7897726793293
19.204729838603754
18.465489356983205
19.067526873622597
18.86886353931931
18.652969008917548
19.230559890356602
18.738601918323035
19.44728261961507
19.11243277589082
19.633944385339227
19.647926211172532
19.56957384678878
19.745755951688114
19.532667429525887
19.68174377212699
19.609705703327947
19.68110464449589
19.77193281176851
19.515042244684178
19.356004375221026
19.620620341654725
19.666232333408008
19.74396376070416
19.85693794430623
19.848238834822578
19.82538965822453
19.52191084237478
19.886553850538796
19.74913649211174
20.176165866162318
19.758656108888484
20.08390277126018
20.006977578949847
19.63824749135258
19.373921476771372
19.280986853586125
19.242941647136327
18.984792037536433
19.325909249376327
19.08083244216564
19.315534762106974
18.89181517283564
18.882761940856362
19.837967448521336
19.216156819610156
19.26986090236047
18.948097458304005
19.117648109208922
19.263616154814745
18.734195501902505
19.544782508500234
19.211694124840445
19.315622098253716
19.97345876481786
19.12431925427068
19.65244678837999
19.392441659949093
19.55006274806869
19.642277555664755
19.61652360670177
19.484708717655632
19.502376908558066
19.675521248936757
19.842694770807693
19.80919740308769
20.27662461221955
20.04604115386013
19.724930962519185
20.355832535204165
20.143859703712767
19.78512126841947
20.05537109862756
19.950350850844952
20.163602905711613
19.888408094295944
20.027353639121063
20.12488343937271
20.09187630925247
20.23784221084999
20.17187264266471
20.13812386303181
19.936450848006576
20.59228217944325
20.086720552426645
20.15554252464243
20.334558914530753
20.539194222219038
19.758255454789737
20.394098783664727
20.606788756963436
20.275687650108907
20.078522573883983
20.158306587079878
20.59344119288668
20.061133803238867
19.920674554030956
19.726616197955515
20.533126483434927
20.004554656963837
20.129775935831994
20.26325686431845
19.64937963146901
20.119717236819916
19.93837410740542
19.941611234239055
20.20708040579953
20.326084939247014
19.913377826091494
19.85759067357141
20.758023900076065
20.012993149150248
20.742402458693814
20.65667542698044
20.295925013454244
20.36678599417722
20.42253970659875
20.456343852841417
20.463844629321798
20.535263972023976
20.595474415078726
20.924823907006875
21.082727184086593
21.17307757489745
20.586570542546085
20.58985478096574
20.75490945678371
20.646460836380985
20.330246296002162
20.449212933958826
20.866086579715436
20.48474382929169
20.26823544941906
20.9355475384354
20.83117703887966
20.429020629561695
20.84939243678426
20.829308384814553
20.986479659218045
20.9399985037187
20.332168969719426
21.164346910596777
20.707111046647277
20.338876381376327
20.289959619259935
20.401173937619262
20.267686126805504
20.558560708529857
20.430851802613724
20.452596077605843
20.33752380756082
20.647598991699496
20.407002242949563
20.151561199379966
20.109109036394898
20.24048905550252
20.328014996395158
19.929102392319706
20.021620436464758
19.692486317143096
20.003816320348907
19.816506280308115
19.83108827589823
19.502186889017402
20.1852961320723
19.71558488512016
20.01552721534034
19.61623619587836
19.63045576351798
19.714181016866753
19.612377120392733
19.706189949546186
19.545327461220147
19.52623363646891
19.410459659550497
19.726329840916044
19.381208536295873
19.40635607895554
19.464056674763953
19.465559194671183
19.386567796473877
19.479604497874533
19.620888705612863
19.670002483659513
19.76695696812174
19.69158517800069
19.25337861465901
19.50655068817824
19.49649557207445
19.245352085361823
20.020425761546903
19.615901613264516
19.582821476726224
19.71504197245026
19.739998927944573
19.626427185197382
19.837509742734127
19.589150799217183
19.352249608948455
19.434219964634977
19.269660622471225
19.956410407814463
19.531868748905943
19.42271869698864
19.594791410782666
19.392290101826056
19.31368281322196
19.744055849321583
19.651206386166738
19.630153312615764
19.67866784724837
19.58902475575925
19.602120994489848
19.28802660274844
19.468174434579876
19.42152468795278
19.686599991960456
19.551042872393776
19.398881697269967
19.320881898567226
19.329593163326233
19.469449695244364
19.556846656154338
19.418778931422548
19.236943009089863
19.37399035068583
19.37447477578073
19.51533759996143
18.75107474020727
19.4082002627309
19.02967813095757
19.35861727472217
19.497457636566075
19.235998744655085
19.577866377964884
19.051879955238704
19.509405230246898
19.42270987602697
19.53877708990391
18.935236083150595
18.912734453005303
18.630893930109856
18.791333744861475
18.999697986730453
18.736561121620642
18.8820382853206
18.70444889696954
18.900692095389893
19.24684621284349
18.897236859126853
19.404102989956208
18.979814279536452
18.867383121299117
18.911141014684183
18.928513331294116
19.790261744389834
19.315114281725062
18.91310762979814
19.278911136210972
19.23037877952151
19.314524216908456
19.65863419773677
19.266032070362943
19.307435660573677
19.09953534929998
19.708585903713193
19.90668633594468
19.423930689313778
19.789586266534364
19.70775485645412
19.877213094152204
19.67817216627954
19.34604257911901
20.213685452813266
20.388179261702145
19.89783863131371
20.054398787904777
20.24680923109157
20.11928200869893
20.38432687902062
20.058299137513462
20.307082178588477
20.582215324681492
21.08215570804893
21.243852926802226
20.865749291400995
21.047613434191163
20.71666832284432
20.87481061845212
21.35380282742958
21.498292854996738
21.216905220722275
21.028813528263683
21.393719913160133
21.150385796948893
21.413048447114623
21.346750720020594
20.953322126772925
21.78576766926494
21.867126840512057
21.754660021150894
21.421554308307346
21.612249288117237
22.004749468510163
21.72309185403503
21.870120819526168
21.731508627293298
21.711269090440446
21.615753214816618
22.062150398161073
21.629653350466036
21.739471758276107
21.71149792782093
21.50899614199973
21.514987486892494
21.5465905671097
21.66422039391715
21.558358132560215
21.99397962076913
21.649637484067433
22.086333697804744
22.251723355987956
22.082388231435452
21.70275650664164
21.70993615557407
21.203498289886927
21.378800111120547
21.382515731257683
21.643810107474447
21.43077943206144
21.38481490525001
20.929803575687757
20.4077679607337
21.15374427561933
21.076675346742928
20.66395468443898
20.96074680040867
20.66434852119554
20.674338690195242
20.53132478778043
20.571176150313097
20.301202780055284
20.293542428472442
20.383907681764594
20.100675902649883
20.268980257592258
19.939684460250025
19.40418821078801
19.840402508036593
20.009819458525538
19.607845166049565
19.633693971741994
19.34268549821865
19.45134562216537
19.842561362491903
19.837736402659125
19.571771947865432
19.74642150166669
19.609935693621303
19.29542745993943
19.92186551424548
19.625319038149442
19.183920057256568
19.52237360831293
19.227277804634994
19.834452585647554
19.52965872956258
19.617488790706087
19.501616051466925
19.438362243209895
19.907968086692517
19.958686919670157
20.186353630724575
19.769198294642433
19.836808359104907
19.76502772051249
19.98096239126326
19.705959109718886
20.017987462157617
19.986286033077878
20.132861984321185
19.90428934913276
20.315492884675255
20.084193424530888
19.88731716152371
20.192134764182608
20.478223935330178
20.250798277012773
20.6521744674788
20.187360470720506
20.406123736427553
20.816348588385114
20.917036618520847
20.42498014499697
20.35220000337531
20.416273689406406
20.631147423296326
20.72407120348208
20.476996924132987
20.837875084097966
21.160642017104628
20.769981179425198
21.000174140854785
20.929054708624694
21.30816185177922
