500.0
500.0
500.5
501.0
501.4999999999986
501.9999999999757
502.4999999998339
502.9999999992718
503.49999999756926
503.9999999932673
504.4999999837325
504.99999996460286
505.4999999291187
505.99999986735037
506.4999997653414
506.999999604192
507.49999935911416
507.9999989984937
508.49999848299717
508.9999977647637
509.4999967867204
509.9999954820585
510.4999937739031
510.9999915752021
511.49998878885566
511.9999853080958
512.4999810171182
512.999975791957
513.4999695015837
513.9999620092012
514.4999531736935
514.999942851183
515.4999308966427
515.999917165499
516.4999015151642
516.999883806429
517.4998639046506
517.9998416806698
518.4998170113973
518.9997897800142
519.4997598757354
519.999727193097
520.4996916307317
520.9996530896079
521.4996114707102
521.9995666721491
522.4995185856882
522.9994670926786
523.4994120593888
523.9993533317112
524.4992907292205
524.9992240385436
525.4991530059842
525.9990773293287
526.4989966487315
526.9989105365572
527.4988184860262
527.9987198984805
528.498614069063
528.9985001705668
529.4983772351947
529.9982441339391
530.4980995532815
530.9979419688929
531.4977696160207
531.9975804562454
532.4973721403094
532.997141966744
533.4968868360572
533.996603200292
534.4962870078274
534.9959336433622
535.4955378631064
535.9950937252986
536.4945945162664
536.9940326723613
537.4933996982126
537.9926860818653
538.4918812074903
538.9909732664752
539.4899491678208
539.9887944488856
540.4874931876171
540.9860279175055
541.4843795465715
541.9825272817629
542.4804485601725
542.9781189885166
543.4755122923099
543.9726002761445
544.4693527964367
544.9657377479236
545.4617210650952
545.9572667396199
546.452336854676
546.9468916369264
547.4408895266881
547.9342872666404
548.4270400091908
548.9191014423934
549.4104239340685
549.900958693538
550.390655950148
550.8794651475183
551.3673351522342
551.8542144754869
552.3400515059768
552.8247947522258
553.3083930922961
553.7907960287992
554.2719539469873
554.7518183736661
555.2303422346397
555.7074801084104
556.1831884738959
556.657425949997
557.1301535249562
557.6013347735737
558.0709360605074
558.5389267280596
559.0052792670542
559.4699694696192
559.9329765629149
560.3942833230838
560.8538761689297
561.3117452350743
561.767884424569
562.2222914411631
562.6749678016457
563.1259188288744
563.5751536262873
564.0226850348587
564.4685295736019
564.9127073648408
565.3552420455724
565.7961606663162
566.2354935788961
566.6732743146301
567.1095394544068
567.5443284921147
567.9776836928523
568.4096499472932
568.8402746235112
569.269607417482
569.697700203385
570.1246068847124
570.5503832470835
570.9750868135328
571.3987767029172
571.821513491954
572.2433590812764
572.6643765657617
573.084630109267
573.5041848237855
573.9231066529296
574.3414622595385
574.7593189171204
575.1767444047523
575.5938069049931
576.0105749043033
576.4271170954227
576.8435022811228
577.2597992787338
577.676076824839
578.0924034795418
578.5088475297295
578.9254768907961
579.3423590063331
579.7595607453587
580.1771482967242
580.5951870604223
581.0137415356073
581.4328752052378
581.8526504173567
582.2731282631318
582.6943684518922
583.116429183511
583.5393670185973
583.9632367470723
584.3880912558124
584.8139813961432
585.2409558520644
585.6690610101668
586.0983408322796
586.5288367319445
586.9605874558587
587.3936289714619
587.8279943618502
588.2637137292008
588.7008141078647
589.1393193882412
589.5792502524913
590.0206241230613
590.4634551248954
590.9077540620954
591.3535284096606
591.8007823207915
592.2495166500855
592.6997289927879
593.1514137400844
593.6045621502476
594.0591624352654
594.5151998624068
594.9726568700037
595.4315131965651
595.8917460221855
596.3533301210681
596.816238023862
597.2804401884074
597.7459051773986
598.2125998414128
598.6804895057172
599.1495381592512
599.6197086441932
600.0909628445557
600.5632618723106
601.0365662496275
601.5108360859085
601.9860312484195
602.4621115254532
602.9390367811045
603.416767100894
603.8952629276372
604.3744851871194
604.8543954033036
605.3349558029532
605.8161294097081
606.2978801277924
606.7801728156652
607.2629733500385
607.7462486807865
608.2299668773529
608.7140971673214
609.1986099678609
609.6834769107785
610.1686708619164
610.6541659356175
611.1399375049505
611.625962208343
612.1122179532086
612.5986839170848
613.0853405467207
613.5721695554673
614.0591539192357
614.5462778711975
615.0335268953183
615.5208877187267
616.0083483028484
616.4958978331655
616.9835267074016
617.4712265218873
617.9589900558269
618.4468112531645
618.9346852017414
619.422608109443
619.9105772770488
620.3985910675367
620.8866488716283
621.374751069419
621.862898987996
622.3510948550137
622.8393417482687
623.3276435413928
623.8160048458543
624.3044309495358
624.7929277522263
625.2815016984312
625.7701597079646
626.2589091048404
626.74775754502
627.2367129436083
627.7257834021124
628.2149771363864
628.7043024058867
629.1937674448491
629.6833803959798
630.1731492472155
630.6630817720682
631.1531854740211
631.6434675353834
632.1339347709456
632.6245935867177
633.1154499439497
633.6065093285753
634.0977767261337
634.5892566021644
635.0809528879928
635.5728689717654
636.0650076945278
636.5573713510882
637.0499616953574
637.542779949817
638.0358268187323
638.529102504699
639.0226067280967
639.5163387490059
640.0102973911476
640.5044810674003
640.998887806465
641.4935152802587
641.9883608316437
642.4834215021168
642.9786940591221
643.4741750226744
643.969860691022
644.465747165109
644.9618303716425
645.4581060846006
645.9545699450625
646.4512174792773
646.9480441149242
647.4450451955566
647.9422159932524
648.4395517195258
648.937047534588
649.4346985550675
649.9324998603249
650.4304464975215
650.9285334856139
651.4267558184642
651.9251084672649
652.4235863824841
652.9221844955424
653.4208977204287
653.9197209554621
654.4186490853966
654.9176769840533
655.4167995176522
655.9160115489944
656.4153079426236
656.914683571072
657.414133322267
657.9136521081443
658.4132348744819
658.9128766119353
659.4125723682217
659.9123172613644
660.4121064938762
660.9119353677311
661.4117992999378
661.9116938385079
662.4116146785833
662.911557678471
663.4115188753174
663.9114945001467
664.4114809919846
664.9114750107908
665.4114734489349
665.9114734409644
666.4114723714384
666.911467880624
667.4114578678907
667.911440492674
668.4114141729198
668.9113775809695
669.4113296368917
669.9112694993115
670.4111965538417
670.9111103992581
671.411010831611
671.9108978264993
672.4107715197669
672.9106321869084
673.4104802214914
673.9103161129094
674.4101404237857
674.9099537673394
675.4097567850081
675.9095501245971
676.4093344191901
676.9091102670147
677.4088782124064
677.9086387279592
678.4083921978918
678.908138902595
679.4078790042629
679.9076125334444
680.4073393762957
680.9070592622512
681.4067717517869
681.9064762239027
682.4061718629218
682.9058576441815
683.4055323181833
683.905194392773
684.4048421129428
684.9044734378793
685.4040860149288
685.9036771502136
686.4032437757098
686.9027824126791
687.4022891314496
687.9017595076435
688.4011885750633
688.9005707755634
689.3998999063549
689.8991690653056
690.3983705949122
690.8974960257285
691.3965360201291
691.895480317375
692.3943176810174
692.8930358497291
693.3916214926919
693.8900601706774
694.3883363039604
694.8864331481693
695.3843327791325
695.882016087704
696.3794627854608
696.8766514220483
697.3735594148188
697.8701630912583
698.3664377445341
698.8623577023213
699.3578964088827
699.8530265201888
700.3477200116776
700.8419482980613
701.3356823644126
701.8288929075827
702.3215504868484
702.813625682538
703.3050892612575
703.7959123462339
704.2860665912062
704.7755243562359
705.2642588837701
705.7522444732843
706.2394566528427
706.725872345957
707.2114700321874
707.6962299000149
708.180133990622
708.6631663313428
709.1453130576851
709.6265625229792
710.106905394872
710.5863347380562
711.0648460827949
711.5424374789801
712.019109535632
712.4948654459143
712.9697109978994
713.4436545714626
713.916707121826
714.3888821503866
714.8601956635773
715.3306661205909
715.8003143708753
716.2691635823579
716.737239161395
717.2045686654594
717.6711817095826
718.1371098675495
718.6023865688178
719.067046992086
719.5311279563812
719.9946678104668
720.457706321298
720.9202845621652
721.3824448010771
721.8442303898445
722.3056856542254
722.7668557854017
723.2277867329602
723.6885250994605
724.1491180365867
724.609613142799
725.070058362327
725.530501885284
725.9909920486249
726.4515772376252
726.9123057875272
727.3732258849745
727.8343854688479
728.2958321301174
728.7576130103408
729.2197746984643
729.6823631256233
730.1454234576883
730.6089999853675
731.0731360117464
731.5378737372287
732.0032541419329
732.469316865698
732.9361000859518
733.4036403938062
733.8719726688549
734.3411299532568
734.8111433258014
735.2820417767607
735.7538520844313
736.2265986943676
736.7003036023941
737.1749862425564
737.6506633812352
738.127349018692
738.605054299346
739.0837874320905
739.5635536219526
740.044355014364
740.5261906532661
741.0090564541932
741.492945193386
741.977846513868
742.4637469492783
742.9506299660984
743.4384760247304
743.9272626596935
744.4169645789974
744.9075537825352
745.3989996991107
745.8912693414883
746.3843274786204
746.8781368239844
747.3726582387371
747.8678509481923
748.3636727699278
748.8600803516596
749.3570294168657
749.854475016017
750.3523717811744
750.8506741816419
751.3493367783308
751.8483144744857
752.3475627604536
752.8470379502392
753.3466974076878
753.8464997602598
754.3464050985182
754.8463751596308
755.3463734933932
755.846365609501
756.3463191050413
756.8462037714202
757.3459916802063
757.8456572476257
758.3451772777062
758.8445309843225
759.3436999926371
759.8426683206606
760.3414223418744
760.8399507300472
761.3382443875521
761.8362963586367
762.3341017292237
762.8316575149106
763.3289625389065
763.8260173016853
764.3228238441469
764.8193856060653
765.3157072815684
765.811794673331
766.3076545470873
766.8032944879674
767.2987227600503
767.7939481704001
768.2889799387141
768.7838275735688
769.278500756102
769.7730092318169
770.2673627110505
770.7615707784958
771.2556428120341
771.7495879109978
772.2434148338593
772.7371319452327
773.2307471719695
773.7242679680425
774.2177012878344
774.711053567385
775.2043307130963
775.6975380973614
776.1906805605494
776.683762418765
777.1767874767952
777.6697590456537
778.1626799641462
778.6555526238919
779.1483789972601
779.6411606677008
780.133898861979
780.6265944838489
781.119248148733
781.6118602190026
782.1044308394819
782.5969599728301
783.0894474344765
783.5818929268131
784.0742960723702
784.5666564457216
785.0589736038875
785.5512471150213
786.0434765851858
786.5356616830396
787.0278021622769
787.5198978816761
788.0119488226378
788.5039551041065
788.9959169947953
789.4878349226542
789.9797094815436
790.4715414351034
790.9633317178301
791.4550814334052
791.9467918503412
792.4384643950438
792.9301006424124
793.4217023041329
793.9132712148361
794.4048093163266
794.8963186401022
795.3878012884093
795.8792594140905
796.3706951994997
796.8621108347618
797.3535084956673
797.8448903214867
798.3362583929915
798.8276147109576
799.3189611754212
799.8102995659368
800.3016315230757
800.792958531378
801.2842819039503
801.7756027688773
802.2669220575862
802.7582404952784
803.2495585935148
803.7408766450118
804.2321947206784
804.723512668902
805.2148301170586
805.7061464752067
806.1974609418978
806.6887725120183
807.1800799865584
807.6713819841891
808.1626769545114
808.6539631928321
809.1452388563059
809.6365019812779
810.1277505016467
810.618982268066
811.110195067792
811.6013866449779
812.0925547212144
812.5836970161045
813.0748112676614
813.5658952523104
814.0569468042735
814.5479638341126
815.0389443462046
815.5298864549221
816.0207883992917
816.5116485559087
817.0024654498865
817.4932377636311
817.9839643432356
818.4746442023068
818.9652765230478
819.455860654441
819.9463961073964
820.436882546754
820.9273197800576
821.4177077430454
821.9080464818334
822.3983361318025
822.8885768932317
823.3787690037541
823.8689127077448
824.3590082227832
824.8490557033591
825.3390552020196
825.8290066281779
826.3189097048215
826.808763923371
827.2985684969519
827.78832231234
828.2780238808411
828.7676712883556
829.2572621448628
829.7467935335429
830.2362619597264
830.7256632998354
831.2149927504487
831.7042447775896
832.1934130663026
832.6824904705502
833.1714689634327
833.6603395877044
834.1490924065366
834.6377164544656
835.1261996884467
835.6145289389436
836.1026898609838
836.5906668851329
837.0784431683696
837.5660005448801
838.0533194768423
838.5403790053289
839.0271567015274
839.5136286185491
839.9997692441839
840.4855514550434
840.9709464726243
841.4559238219141
841.9404512932495
842.4244949082191
842.9080188904817
843.390985642432
843.8733557287081
844.3550878675647
844.8361389311682
845.316463955867
845.7960161634787
846.2747469945966
846.7526061548572
847.229541675032
847.7054999856985
848.1804260071208
848.6542632548261
849.1269539611936
849.5984392131962
850.0686591062362
850.5375529138128
851.0050592725456
851.4711163818613
851.9356622174342
852.3986347572633
852.8599722190588
853.319613307428
853.777497469169
854.2335651548324
854.6877580845746
855.1400195162255
855.5902945134125
856.0385302115376
856.4846760793881
856.9286841741762
857.3705093878509
857.8101096826049
858.2474463136031
858.6824840371006
859.1151913022737
859.5455404252742
859.9735077442172
860.3990737540319
860.8222232203348
861.2429452717198
861.6612334701027
862.0770858589982
862.4905049898425
862.9014979267063
863.3100762299559
863.7162559196305
864.1200574194818
864.5215054827971
864.9206291012672
865.3174613982859
865.7120395081691
866.1044044428536
866.4946009476896
866.8826773479674
867.2686853878218
867.6526800631405
868.0347194500604
868.414864530581
868.793179016741
869.1697291747155
869.5445836500819
869.9178132953846
870.2894910009992
870.6596915301621
871.0284913588897
871.3959685213667
871.7622024612408
872.1272738891128
872.4912646463744
872.8542575754069
873.2163363960267
873.5775855879384
873.9380902788477
874.2979361377805
874.6572092730681
875.0159961343751
875.3743834180873
875.7324579753229
876.0903067217927
876.4480165487158
876.8056742339867
877.1633663527979
877.5211791869444
877.8791986320699
878.2375101021647
878.5961984306888
878.955347767765
879.315041472976
879.6753620033916
880.0363907965615
880.3982081483188
880.7608930853604
881.1245232326945
881.4891746761721
881.85492182045
882.2218372428614
882.589991543794
882.9594531943035
883.3302883818028
883.7025608547788
884.0763317675859
884.4516595264564
884.82859963794
885.207204561046
885.5875235644057
885.9696025897995
886.3534841233992
886.7392070760694
887.1268066740363
887.5163143611857
887.907757714181
888.3011603715026
888.696541977403
889.0939181416484
889.4933004157783
889.8946962864597
890.2981091863495
890.7035385227051
891.1109797238032
891.5204243030435
891.9318599404318
892.3452705809559
892.7606365491927
893.1779346793195
893.59713845955
894.0182181898733
894.4411411518533
894.8658717891428
895.2923718972819
895.7206008212896
896.1505156595216
896.5820714722469
897.0152214934091
897.449917344064
897.886109246038
898.3237462344208
898.7627763675968
899.2031469336184
899.6448046518453
900.0876958688945
900.5317667480817
900.9769634516701
901.423232315376
901.8705200147195
902.3187737229339
902.7679412602686
903.2179712346332
903.6688131736263
904.1204176480783
904.5727363873073
905.0257223863405
905.4793300053921
905.9335150619087
906.3882349155025
906.8434485460817
907.2991166254693
907.7552015827664
908.2116676636771
908.6684809839605
909.1256095771223
909.583023436401
910.0406945510473
910.4985969368373
910.9567066607135
911.4150018593962
911.8734627517773
912.3320716448761
912.7908129331213
913.249673090719
913.7086406568732
914.1677062136412
914.6268623562437
915.0861036556864
915.5454266136078
916.004829609328
916.4643128391497
916.9238782480344
917.3835294538675
917.8432716646055
918.3031115886905
918.7630573392019
919.2231183322964
919.6833051805708
920.1436295820482
920.6041042055571
921.0647425733215
921.5255589416294
921.9865681804724
922.4477856530734
922.9092270962204
923.3709085023227
923.8328460040813
924.2950557626381
924.7575538600184
925.2203561966332
925.6834783945367
926.1469357070654
926.6107429354028
927.0749143525258
927.5394636349
928.0044038021965
928.4697471652067
928.9355052820397
929.4016889225898
929.868308041177
930.3353717571727
930.8028883433461
931.2708652215935
931.7393089656439
932.2082253102792
932.6776191665549
933.1474946424678
933.6178550684833
934.0887030273137
934.560040387321
935.0318683389145
935.5041874333132
935.9769976230522
936.45029830363
936.9240883557146
937.3983661873552
937.8731297756802
938.3483767075991
938.8241042190672
939.300309232519
939.7769883921186
940.2541380965278
940.7317545289409
941.2098336841855
941.6883713927394
942.1673633415631
942.6468050916974
943.1266920926228
943.6070196934235
944.087783150843
944.5689776343592
945.0505982284451
945.5326399322188
946.0150976567139
946.4979662200335
946.9812403406714
947.4649146293058
947.9489835793833
948.433441556822
948.9182827891677
949.4035013545351
949.8890911706633
950.375045984403
950.8613593619395
951.3480246800351
951.8350351185511
952.3223836544852
952.8100630577252
953.2980658886916
953.786384498003
954.2750110282659
954.763937418049
955.2531554080705
955.7426565495894
956.2324322149567
956.7224736102554
957.2127717899269
957.70331767326
958.1941020625974
958.6851156631027
959.1763491039177
959.6677929605382
960.1594377782366
960.6512740963619
961.1432924733642
961.6354835123957
962.1278378873661
962.6203463693439
963.1129998532182
963.6057893845582
964.0987061866275
964.5917416875307
965.0848875474862
965.5781356862349
966.0714783105985
966.5649079422122
967.0584174454456
967.5520000555231
968.0456494068372
968.5393595614236
969.0331250375384
969.5269408382452
970.0208024798712
970.5147060201517
971.0086480858279
