0.0
0.0
0.0
-2.395987142620892e-6
-9.559922805536139e-6
-2.3815973243462185e-5
-4.741725076300235e-5
-8.252331501324422e-5
-0.000131178677207903
-0.00019529254116006962
-0.0002766200039828287
-0.00037674492628021907
-0.0004970646667320165
-0.0006387768592872767
-0.0008028683928649688
-0.0009901067336685254
-0.001201033709120354
-0.001435961850188986
-0.0016949733657019186
-0.001977921798305785
-0.0022844363872532285
-0.002613929138368625
-0.002965604576581582
-0.0033384721315285397
-0.0037313610821189595
-0.004142937961851922
-0.004571726303255953
-0.00501612857730891
-0.005474450162267918
-0.005944925156185418
-0.006425743828679786
-0.006915081490429903
-0.0074111285435214894
-0.007912121462324109
-0.008416374443141323
-0.008922311451556083
-0.009428498389275598
-0.00993367509743337
-0.010436786910781008
-0.010937015477030335
-0.011433808557799453
-0.011926908532167897
-0.012416379330729628
-0.012902631537203125
-0.013386445406051346
-0.013868991558098707
-0.014351849131707747
-0.01483702118457825
-0.015326947160523977
-0.015824512256519534
-0.016333053547731437
-0.01685636275197971
-0.017398685539935375
-0.017964717323150844
-0.01855959547854293
-0.01918888799499365
-0.019858578555089466
-0.020575048092469055
-0.02134505289257624
-0.022175699331601323
-0.023074415374826778
-0.0240489189812611
-0.025107183586143146
-0.026257400856430635
-0.027507940936562093
-0.02886731042242316
-0.03034410832038913
-0.03194698026540301
-0.033684571287142855
-0.035565477426310915
-0.037598196513833185
-0.03979107843420163
-0.04215227520025223
-0.04468969117029683
-0.047410933739682394
-0.050323264837524244
-0.05343355355555523
-0.056748230229775945
-0.060273242286926834
-0.06401401215679431
-0.06797539753809222
-0.07216165429022682
-0.07657640220577475
-0.08122259389911192
-0.08610248702547588
-0.0912176200219855
-0.09656879153795583
-0.10215604369641715
-0.1079786493022719
-0.11403510308520519
-0.12032311703751261
-0.12683961987864062
-0.13358076064966584
-0.14054191641239147
-0.14771770399942985
-0.15510199573378863
-0.16268793900929598
-0.17046797959689708
-0.17843388851662986
-0.18657679229113544
-0.19488720637405824
-0.20335507152581472
-0.21196979289011328
-0.22072028150743409
-0.22959499798655514
-0.2385819980422485
-0.24766897959656411
-0.25684333113274144
-0.2660921809848003
-0.2754024472422976
-0.2847608879486167
-0.2941541512724787
-0.30356882533610996
-0.3129914873896291
-0.32240875202966907
-0.33180731817095205
-0.3411740144923888
-0.35049584309417137
-0.35976002111913796
-0.368954020110274
-0.3780656028964092
-0.3870828578198184
-0.39599423014234425
-0.4047885504906506
-0.41345506022608186
-0.42198343365014845
-0.43036379698266647
-0.43858674407584136
-0.4466433488538873
-0.4545251744939005
-0.4622242793894463
-0.4697332199634679
-0.47704505042147616
-0.48415331955934227
-0.4910520647621965
-0.49773580335176687
-0.5041995214588012
-0.5104386606148535
-0.5164491022735475
-0.5222271504853248
-0.5277695129615482
-0.5330732807735579
-0.5381359069398138
-0.5429551841595344
-0.5475292219542338
-0.5518564234792487
-0.5559354622657318
-0.5597652591497038
-0.5633449596386274
-0.5666739119576677
-0.569751646007404
-0.5725778534523563
-0.575152369145395
-0.5774751540770453
-0.5795462800210186
-0.5813659160281551
-0.5829343169005159
-0.5842518137557937
-0.5853188067697098
-0.5861357601608195
-0.5867031994583697
-0.5870217110697363
-0.5870919441397278
-0.5869146146698875
-0.5864905118420619
-0.5858205064671362
-0.5849055614571732
-0.5837467441974219
-0.5823452406739764
-0.5807023711934456
-0.5788196075130052
-0.5766985911828094
-0.5743411528880739
-0.5717493325653483
-0.5689254000566764
-0.5658718760565996
-0.5625915531003809
-0.5590875163374575
-0.5553631638320397
-0.5514222261329634
-0.5472687848573965
-0.5429072900377773
-0.5383425759883929
-0.5335798754572417
-0.5286248318401927
-0.5234835092478729
-0.5181624002310801
-0.5126684309877048
-0.5070089638930253
-0.5011917972156587
-0.49522516190324756
-0.48911771534496346
-0.4828785320419234
-0.47651709114146246
-0.4700432608166697
-0.4634672794984787
-0.45679973399369433
-0.45005153454841956
-0.4432338869422094
-0.43635826172370795
-0.4294363607233131
-0.4224800810023518
-0.41550147642114554
-0.4085127170300008
-0.40152604650740004
-0.39455373788831966
-0.3876080478425058
-0.3807011697775515
-0.37384518605461314
-0.36705201961546124
-0.3603333853281871
-0.3537007413652043
-0.3471652409311276
-0.340737684659641
-0.3344284739975614
-0.3282475658909555
-0.3222044290823939
-0.31630800232026607
-0.3105666547705782
-0.30498814890889653
-0.2995796061551652
-0.2943474754971305
-0.28929750532916876
-0.2844347187125825
-0.2797633922410531
-0.27528703867108884
-0.2710083934521628
-0.2669294052649876
-0.263051230649221
-0.2593742327740514
-0.25589798437677724
-0.25262127486589714
-0.24954212155658254
-0.24665778497792856
-0.24396478816329806
-0.2414589398075966
-0.23913536114865938
-0.2369885164042951
-0.23501224657211758
-0.23319980637628737
-0.23154390412386228
-0.23003674421377873
-0.22867007202370837
-0.2274352208842892
-0.22632316083663934
-0.22532454885772552
-0.2244297802291625
-0.22362904071843107
-0.22291235923736782
-0.2222696606411273
-0.22169081833165627
-0.22116570633303928
-0.22068425051184282
-0.22023647862375512
-0.21981256887831885
-0.21940289672630026
-0.21899807958912457
-0.21858901926671429
-0.218166941778857
-0.21772343441575073
-0.2172504797954645
-0.21674048674953142
-0.2161863178825745
-0.21558131367755523
-0.21491931304472725
-0.21419467023946281
-0.2134022681015826
-0.2125375275964456
-0.21159641366562465
-0.21057543742229143
-0.20947165475324564
-0.20828266141563997
-0.20700658474167008
-0.20564207208862278
-0.20418827619451957
-0.2026448376209803
-0.20101186448470176
-0.19928990969694588
-0.19747994594652918
-0.19558333867587896
-0.19360181731166837
-0.1915374450212793
-0.18939258727379923
-0.18716987948938815
-0.18487219406362634
-0.18250260705385976
-0.1800643648126087
-0.1775608508488242
-0.17499555319121213
-0.1723720325190634
-0.16969389131511237
-0.16696474428199604
-0.16418819024902137
-0.16136778577929708
-0.15850702066899947
-0.15560929551077665
-0.15267790147222454
-0.14971600241817257
-0.1467266194823888
-0.14371261817044947
-0.14067669805112246
-0.1376213850688938
-0.1345490264854315
-0.13146178843304293
-0.12836165603874786
-0.1252504360536676
-0.12212976189922188
-0.11900110101932461
-0.11586576440656539
-0.11272491815043417
-0.10957959683715793
-0.10643071861382694
-0.10327910171433537
-0.10012548223137314
-0.09697053290739556
-0.09381488270825741
-0.09065913693610805
-0.08750389763326116
-0.08434978402611977
-0.08119745275787424
-0.07804761766060295
-0.0749010688215746
-0.07175869070494423
-0.06862147909859723
-0.06549055666655629
-0.062367186900035315
-0.059252786274796125
-0.05614893443881624
-0.05305738227227167
-0.04998005768132699
-0.04691906900804198
-0.04387670596067535
-0.040855437991606285
-0.0378579100738111
-0.03488693585112501
-0.031945488162183136
-0.029036686962761495
-0.026163784696018544
-0.023330149184659456
-0.02053924414310137
-0.01779460743110249
-0.015099827192831618
-0.012458516046803928
-0.009874283512309082
-0.007350706876733677
-0.004891300725368249
-0.0024994853707383112
-0.00017855443207234062
0.002068358172905
0.004238311552194576
0.006328591200820964
0.008336742115254123
0.010260601374304134
0.012098329899492302
0.013848443109921931
0.0155098401910541
0.017081831703514353
0.018564165267072948
0.01995704906619269
0.02126117293694501
0.022477726810559345
0.023608416306279044
0.024655475285418352
0.025621675199404753
0.026510331086989445
0.027325304099544624
0.028071000458256484
0.02875236677287475
0.02937488167829216
0.029944543772392987
0.030467855866116222
0.030951805584310002
0.031403842383492725
0.031831851079865164
0.03224412200762216
0.03264931795358029
0.03305643803916331
0.03347477874467107
0.03391389229330933
0.03438354263349769
0.03489365927733124
0.03545428927059379
0.036075547585264274
0.036767566238898076
0.03754044245649093
0.038404186199353235
0.03936866739206234
0.040443563182663796
0.04163830557292393
0.04296202975457704
0.04442352348416485
0.046031177823254395
0.04779293956258528
0.04971626563809829
0.05180807983391428
0.054074732052260856
0.05652196041320045
0.05915485642792578
0.06197783346850432
0.06499459873443149
0.06820812889236548
0.07162064954014943
0.07523361861987274
0.07904771387748509
0.0830628244385646
0.08727804654146804
0.09169168344047655
0.09630124946291241
0.10110347817576185
0.10609433458931383
0.11126903129792817
0.11662204843148888
0.12214715726558183
0.12783744731415325
0.13368535670554157
0.1396827056215015
0.14582073255931552
0.1520901331594595
0.1584811013256864
0.16498337235092778
0.17158626775118446
0.17827874150066517
0.1850494273548915
0.19188668694436606
0.1987786583197146
0.20571330462996906
0.21267846261883683
0.21966189062936844
0.2266513158153338
0.23363448026777478
0.2405991857775263
0.24753333696888097
0.25442498255588997
0.26126235449090335
0.2680339047947052
0.2747283398788234
0.28133465219311526
0.28784214905535693
0.29424047854410573
0.3005196523613514
0.30667006559721993
0.31268251335502917
0.3185482042211075
0.3242587705897576
0.32980627587936984
0.33518321870075457
0.3403825340630634
0.34539759172601586
0.35022219182934683
0.3548505579512663
0.3592773277671101
0.3634975414971021
0.36750662834810827
0.37130039116831215
0.3748749895457756
0.3782269215917701
0.38135300465750516
0.384250355238377
0.3869163683230863
0.38934869644589665
0.3915452286989374
0.39350406995781045
0.39522352056787813
0.396702056730547
0.3979383118186978
0.3989310588382317
0.39967919423862197
0.4001817232595021
0.4004377469828224
0.4004464512411266
0.40020709751219663
0.39971901590887166
0.398981600350444
0.3979943059788712
0.39675664885931616
0.3952682079804409
0.393528629545644
0.39153763352225485
0.38929502239178615
0.386800692020912
0.3840546445500768
0.38105700317475477
0.3778080286735547
0.3743081375177865
0.37055792137894067
0.36655816783393996
0.3623098820531562
0.35781430924316315
0.35307295760515217
0.34808762156095524
0.3428604049917977
0.33739374423029433
0.3316904305438634
0.3257536318476865
0.31958691338760226
0.31319425713787225
0.3065800796655802
0.2997492482224608
0.2927070948361451
0.28545942818607006
0.27801254306452505
0.27037322724038537
0.2625487655618765
0.2545469411550749
0.2463760335966222
0.23804481396213428
0.22956253667584614
0.2209389281119465
0.21218417192363379
0.20330889110195016
0.19432412679271985
0.18524131392621576
0.17607225374029092
0.1668290833034251
0.15752424216924366
0.1481704363183555
0.13878059956663455
0.12936785264113668
0.11994546014552349
0.11052678565597922
0.10112524520599835
0.09175425943394307
0.08242720468078737
0.07315736333686289
0.06395787374559979
0.054841679979132744
0.04582148180515089
0.03690968516646855
0.028118353494452283
0.019459160174652778
0.010943342477770348
0.002581657261461038
-0.0056156612614815995
-0.013638941405286983
-0.021479111274873966
-0.029127733158720366
-0.03657703481713122
-0.043819937452427314
-0.050850080169576276
-0.05766184075929754
-0.06425035266051243
-0.0706115179849913
-0.07674201651397397
-0.08263931060420124
-0.0883016459689817
-0.0937280483284143
-0.09891831595147278
-0.10387300814111462
-0.10859342974168516
-0.1130816117754304
-0.11734028834169852
-0.12137286993819364
-0.12518341338824815
-0.12877658858131255
-0.13215764225554621
-0.13533235907136248
-0.13830702024288488
-0.14108836001036912
-0.14368352025061715
-0.14610000353414823
-0.148345624947311
-0.15042846300454996
-0.15235680998062914
-0.15413912199473326
-0.15578396917800177
-0.15729998625320984
-0.15869582385002043
-0.15998010087154066
-0.16116135821788677
-0.16224801416018084
-0.1632483216439688
-0.16417032778458296
-0.1650218357986051
-0.16581036959546921
-0.1665431412315371
-0.16722702140586032
-0.16786851315249454
-0.16847372885885098
-0.16904837071335807
-0.1695977146588734
-0.17012659790104387
-0.17063940999337845
-0.17114008749338883
-0.1716321121569859
-0.17211851261160774
-0.17260186942250824
-0.17308432344145783
-0.17356758730299607
-0.1740529599105177
-0.17454134373304508
-0.1750332647137077
-0.1755288945728622
-0.1760280752725857
-0.17653034539507798
-0.1770349681754232
-0.1775409609192758
-0.17804712552841678
-0.17855207985182867
-0.17905428957699157
-0.17955210037552197
-0.18004377001905342
-0.1805275001853705
-0.18100146768120834
-0.18146385481675684
-0.18191287867768233
-0.1823468190532989
-0.18276404479427455
-0.1831630383898123
-0.18354241857245798
-0.18390096077839896
-0.18423761531215782
-0.1845515230867756
-0.18484202883372688
-0.18510869170072006
-0.1853512931800052
-0.18556984233463233
-0.1857645783150656
-0.18593597018345173
-0.1860847140874566
-0.18621172784971166
-0.18631814306235334
-0.1864052947986937
-0.18647470907554162
-0.1865280882199213
-0.18656729431273802
-0.18659433089916436
-0.18661132317101853
-0.18662049684005
-0.1866241559327241
-0.18662465974670733
-0.18662439921672005
-0.1866257729426791
-0.18663116313605813
-0.18664291174112022
-0.18666329698612225
-0.18669451061576456
-0.18673863605009547
-0.18679762770682884
-0.1868732917136626
-0.18696726822478357
-0.18708101554141301
-0.18721579622010726
-0.18737266533471383
-0.18755246103854428
-0.18775579755262267
-0.18798306068397605
-0.18823440595503446
-0.18850975940149456
-0.18880882107167185
-0.18913107123562664
-0.18947577928740628
-0.18984201529881073
-0.19022866415837156
-0.19063444220494402
-0.19105791624165475
-0.19149752479312493
-0.19195160144709425
-0.19241840010099262
-0.1928961219148197
-0.1933829437540647
-0.1938770478904813
-0.19437665271446777
-0.19488004420071248
-0.19538560785876039
-0.1958918608923285
-0.19639748428562168
-0.19690135453163168
-0.19740257471647807
-0.19790050467528938
-0.1983947899389254
-0.19888538919698556
-0.19937260001099724
-0.1998570825223707
-0.20033988091257013
-0.20082244238788766
-0.20130663347810704
-0.20179475345708178
-0.20228954471368163
-0.20279419992352876
-0.2033123658952795
-0.20384814398972775
-0.20440608703552254
-0.20499119269160457
-0.20560889323336795
-0.20626504176683397
-0.20696589490256628
-0.20771809194844632
-0.20852863070754638
-0.20940483999396936
-0.21035434900545896
-0.2113850537166124
-0.21250508048045258
-0.21372274704874336
-0.2150465212425808
-0.21648497752429324
-0.21804675173937635
-0.21974049431293316
-0.22157482219875396
-0.22355826989064537
-0.22569923981480694
-0.22800595242888053
-0.23048639635770188
-0.23314827889772977
-0.23599897722159105
-0.23904549061116365
-0.24229439404213887
-0.24575179343510212
-0.24942328287790014
-0.25331390411150323
-0.25742810855681447
-0.2617697221430371
-0.26634191317941397
-0.2711471634915413
-0.2761872430211947
-0.28146318806485227
-0.2869752833010471
-0.29272304773051744
-0.29870522462605065
-0.3049197755611439
-0.31136387855834535
-0.3180339303696101
-0.32492555287242764
-0.33203360353706746
-0.33935218989226923
-0.34687468788928605
-0.35459376403758314
-0.3625014011599063
-0.37058892759005546
-0.3788470496137172
-0.3872658869312988
-0.3958350109020275
-0.404543485310776
-0.4133799093832896
-0.4223324627618257
-0.4313889521417845
-0.4405368592607833
-0.44976338992486947
-0.45905552375223274
-0.4684000643128715
-0.4777836893432192
-0.48719300071771
-0.49661457386463975
-0.5060350063213973
-0.5154409651341365
-0.524819232819139
-0.5341567516173769
-0.5434406657900004
-0.5526583617205121
-0.5617975056090881
-0.5708460785657133
-0.5797924089313239
-0.5886252016798202
-0.5973335647784209
-0.6059070324091806
-0.6143355849803789
-0.622609665882688
-0.6307201949713448
-0.6386585787817529
-0.6464167175118303
-0.6539870088297771
-0.6613623485905652
-0.6685361285681466
-0.6755022313329604
-0.6822550224255919
-0.6887893399972511
-0.6951004821059253
-0.7011841918734779
-0.7070366407234923
-0.7126544099321795
-0.7180344707350854
-0.7231741632405708
-0.7280711744070432
-0.7327235153446371
-0.7371294982034658
-0.7412877129096835
-0.745197004007433
-0.7488564478593334
-0.7522653304505476
-0.7554231260317303
-0.75832947682438
-0.7609841739984137
-0.7633871401162763
-0.7655384132207138
-0.7674381327246418
-0.769086527241493
-0.7704839044731919
-0.7716306432506832
-0.7725271877989065
-0.7731740442744834
-0.7735717796003487
-0.7737210225973342
-0.773622467388511
-0.7732768790281138
-0.7726851012833252
-0.7718480664742877
-0.7707668072556352
-0.7694424702017848
-0.7678763310383873
-0.766069811343873
-0.7640244965281103
-0.7617421548799634
-0.7592247574621337
-0.7564744986202067
-0.7534938168634168
-0.7502854158673612
-0.7468522853438211
-0.7431977215200242
-0.7393253469691469
-0.7352391295356132
-0.7309434001028001
-0.7264428689570758
-0.7217426405106377
-0.7168482261563156
-0.7117655550402792
-0.7065009825533505
-0.7010612963582382
-0.6954537197883709
-0.6896859124739498
-0.6837659680722197
-0.6777024090015905
-0.6715041781029606
-0.6651806271761903
-0.6587415023649675
-0.65219692638908
-0.6455573776491549
-0.6388336662550353
-0.6320369070549207
-0.6251784897679846
-0.6182700463482037
-0.6113234157313577
-0.6043506061404128
-0.5973637551465709
-0.5903750877039777
-0.5833968723952567
-0.5764413761425146
-0.569520817654093
-0.5626473198909924
-0.5558328618484412
-0.5490892299574329
-0.5424279694181127
-0.5358603357815982
-0.5293972470991264
-0.523049236957283
-0.5168264087155057
-0.5107383912570441
-0.5047942965571572
-0.49900267936256293
-0.49337149926410956
-0.48790808543038233
-0.48261910425360877
-0.4775105301408934
-0.47258761966363577
-0.4678548892561168
-0.46331609663083784
-0.4589742260534453
-0.454831477594156
-0.4508892604457127
-0.44714819037025044
-0.4436080913092522
-0.44026800116223713
-0.43712618171116707
-0.4341801326390072
-0.4314266095626438
-0.42886164597267096
-0.4264805789456163
-0.42427807846819365
-0.42224818018834637
-0.4203843213843685
-0.41867937992144433
-0.41712571594469755
-0.41571521603944195
-0.4144393395729199
-0.41328916691752626
-0.41225544924344987
-0.4113286595589156
-0.4104990446688499
-0.4097566777178698
-0.4090915109810538
-0.40849342856599585
-0.4079522986921768
-0.40745802521868024
-0.4070005980986906
-0.40657014244897793
-0.4061569659346153
-0.40575160418339146
-0.40534486396065883
-0.40492786385356283
-0.4044920722335857
-0.40402934228794646
-0.4035319439334558
-0.40299259245074515
-0.4024044737021795
-0.401761265823024
-0.40105715730235225
-0.40028686139755193
-0.39944562685388
-0.39852924492813097
-0.39753405274288883
-0.39645693302482365
-0.3952953103068528
-0.3940471436995129
-0.39271091636138267
-0.39128562182166565
-0.38977074732991474
-0.3881662544281797
-0.38647255695944044
-0.3846904967429036
-0.38282131716147205
-0.38086663491932937
-0.3788284102380324
-0.37670891576769205
-0.37451070449570045
-0.3722365769389871
-0.36988954790694867
-0.3674728131209946
-0.3649897159731062
-0.3624437146999651
-0.3598383502411224
-0.35717721503943295
-0.3544639230296678
-0.3517020810469452
-0.34889526187052744
-0.3460469791007443
-0.3431606640474952
-0.34023964478810503
-0.3372871275304523
-0.33430618039443566
-0.3312997197011934
-0.32827049883524073
-0.32522109972005137
-0.32215392692278677
-0.3190712043790874
-0.3159749747042842
-0.31286710103328297
-0.309749271307917
-0.30662300490795175
-0.3034896615003528
-0.30035045196107396
-0.2972064512046576
-0.2940586127395224
-0.2909077847510937
-0.2877547275010364
-0.2846001318188987
-0.28144463845256656
-0.2782888580361472
-0.27513339142830784
-0.2719788501707428
-0.26882587681535586
-0.265675164869932
-0.26252747811552596
-0.2593836690544854
-0.2562446962559035
-0.25311164037529804
-0.2499857186373534
-0.24686829758454046
-0.24376090391022862
-0.24066523321239233
-0.2375831565230445
-0.23451672448894126
-0.23146816910072632
-0.22843990289033422
-0.2254345155399638
-0.2224547678700632
-0.21950358319833704
-0.2165840360865832
-0.21369933851698475
-0.21085282356410914
-0.20804792665309313
-0.20528816451811302
-0.20257711199805173
-0.19991837682808336
-0.1973155726065133
-0.19477229013545994
-0.192292067351675
-0.18987835807981837
-0.187534499854688
-0.18526368107112973
-0.183068907730504
-0.1809529700605721
-0.17891840929140715
-0.1769674848733747
-0.17510214242432595
-0.17332398269188087
-0.1716342318130466
-0.17003371314743798
-0.1685228209520752
-0.1671014961551866
-0.1657692044737149
-0.16452491710440414
-0.16336709420154266
-0.16229367133577835
-0.16130204910804763
-0.16038908607072344
-0.15955109508475848
-0.15878384321705685
-0.1580825552567401
-0.15744192090258136
-0.1568561056468688
-0.1563187653535382
-0.15582306450079966
-0.1553616980308921
