0.0
-5.980260359547348e-7
-1.1842331294158055e-6
-1.7469263092512314e-6
-2.2746574406478927e-6
-2.756345886510098e-6
-3.181395886571001e-6
-3.5398096029401463e-6
-3.822294817065145e-6
-4.020366307850451e-6
-4.126439993586438e-6
-4.133918980969926e-6
-4.037270732351194e-6
-3.832094636868459e-6
-3.5151793517284843e-6
-3.084549365902972e-6
-2.539500329236025e-6
-1.8806227846626179e-6
-1.1098140391486815e-6
-2.3027800928350886e-7
7.534870206324005e-7
1.8357126874876966e-6
3.0093967421381585e-6
4.266350901272896e-6
5.5972600136505e-6
6.991752098626657e-6
8.438478720902268e-6
9.925205075571917e-6
1.1438909072585839e-5
1.2965888630360077e-5
1.4491876315135986e-5
1.6002160396415263e-5
1.748171132993145e-5
1.8915312628666875e-5
2.028769503981299e-5
2.15836729116771e-5
2.278828160965294e-5
2.3886914824727793e-5
2.4865460611746685e-5
2.5710434997872964e-5
2.6409112014378852e-5
2.694964902699449e-5
2.7321206271393095e-5
2.751405954076874e-5
2.751970502157857e-5
2.7330955331005026e-5
2.6942025875115575e-5
2.63486107195563e-5
2.55479472443573e-5
2.4538868940434273e-5
2.3321845796980633e-5
2.1899011825441967e-5
2.0274179366401278e-5
1.8452839929690295e-5
1.6442151424564087e-5
1.4250911744996824e-5
1.1889518784220766e-5
9.36991706167907e-6
6.705531253729596e-6
3.911187025862849e-6
1.0030196680368239e-6
-2.0016288648487686e-6
-5.084323809116545e-6
-8.225661555689165e-6
-1.1405402845784519e-5
-1.4602614244987725e-5
-1.7795816869782403e-5
-2.096314127630984e-5
-2.4082487365002218e-5
-2.713168810727749e-5
-3.0088675862089328e-5
-3.293165002113232e-5
-3.563924470216722e-5
-3.8190695200442466e-5
-4.056600190865621e-5
-4.274609042635837e-5
-4.4712966600091554e-5
-4.6449865265790565e-5
-4.794139150480434e-5
-4.917365327409518e-5
-5.013438432936537e-5
-5.081305642663846e-5
-5.120097986270162e-5
-5.1291391497244204e-5
-5.107952948889902e-5
-5.056269407304785e-5
-4.974029381046938e-5
-4.861387684194221e-5
-4.718714679395719e-5
-4.5465963093927626e-5
-4.3458325568848996e-5
-4.117434331838076e-5
-3.8626187970918384e-5
-3.582803154849291e-5
-3.2795969282395714e-5
-2.9547927835384034e-5
-2.6103559497316804e-5
-2.2484123028242992e-5
-1.8712351925503943e-5
-1.4812310988521764e-5
-1.080924214588636e-5
-6.729400593420922e-6
-2.59988236844876e-6
1.5515554460876934e-6
5.696680634228282e-6
9.806976572228568e-6
1.3853836421195406e-5
1.780875941059536e-5
2.1643547814908195e-5
2.533050321477397e-5
2.8842620633435363e-5
3.215377914912858e-5
3.523892760426916e-5
3.807426406268024e-5
4.063740770650729e-5
4.290756191456964e-5
4.4865667323354546e-5
4.6494543740234674e-5
4.777901985528446e-5
4.8706049782730134e-5
4.9264815554963563e-5
4.944681479051601e-5
4.9245932861694704e-5
4.8658498996968814e-5
4.768332586684581e-5
4.632173231906782e-5
4.457754904861753e-5
4.2457107109374244e-5
3.996920929640918e-5
3.7125084549955376e-5
3.393832565313496e-5
3.0424810614686488e-5
2.6602608244329253e-5
2.2491868541182157e-5
1.8114698623991014e-5
1.3495025035021377e-5
8.658443346592142e-6
3.6320560896494674e-6
-1.5556998931417198e-6
-6.875235492181541e-6
-1.2295999529349537e-5
-1.7786675808128167e-5
-2.331538566521716e-5
-2.8849894634832424e-5
-3.4357821808283964e-5
-3.980685045299154e-5
-4.516493844696073e-5
-5.040052708692831e-5
-5.5482746840872194e-5
-6.038161863824469e-5
-6.506824932395003e-5
-6.951501994448125e-5
-7.369576558643017e-5
-7.758594554838641e-5
-8.116280269658012e-5
-8.440551093197535e-5
-8.729530978130011e-5
-8.981562521606957e-5
-9.195217590133452e-5
-9.369306417894441e-5
-9.502885119778462e-5
-9.595261571493926e-5
-9.645999620622176e-5
-9.654921604116843e-5
-9.62210915955524e-5
-9.547902329288863e-5
-9.432896968441284e-5
-9.277940479377107e-5
-9.084125906732188e-5
-8.852784438270754e-5
-8.585476367640538e-5
-8.283980585456279e-5
-7.9502826749824e-5
-7.58656169793951e-5
-7.195175764562673e-5
-6.778646489933838e-5
-6.33964244574359e-5
-5.8809617229615426e-5
-5.4055137263694155e-5
-4.9163003265017193e-5
-4.4163964982189117e-5
-3.908930577885706e-5
-3.3970642729296165e-5
-2.8839725584047844e-5
-2.3728235950845827e-5
-1.86675880256027e-5
-1.368873218846835e-5
-8.821962751117808e-6
-4.096731103760316e-6
4.5853453578345725e-7
4.81660162280889e-6
8.951596949975877e-6
1.2839160457753753e-5
1.6456588249254005e-5
1.9782963949118638e-5
2.2799277632932645e-5
2.5488531645069216e-5
2.78358327182746e-5
2.9828469906911674e-5
3.1455977946881186e-5
3.2710185758068355e-5
3.358524990895656e-5
3.407767296706411e-5
3.41863067623271e-5
3.3912340692734186e-5
3.3259275301707146e-5
3.223288145417836e-5
3.0841145532411275e-5
2.9094201162660707e-5
2.700424806919221e-5
2.458545873240775e-5
2.185387360232161e-5
1.8827285686950636e-5
1.5525115396875586e-5
1.196827658195963e-5
8.17903474364057e-6
4.1808584461084485e-6
-1.735018154486374e-9
-4.343338628698293e-6
-8.817818207155915e-6
-1.3398477452464876e-5
-1.8058224336184587e-5
-2.276973776010626e-5
-2.7505633393244038e-5
-3.223862762760154e-5
-3.694169862153281e-5
-4.1588243435766976e-5
-4.615223030983585e-5
-5.0608345175355936e-5
-5.4932131556886175e-5
-5.91001230704453e-5
-6.308996779368715e-5
-6.688054384967024e-5
-7.045206561753026e-5
-7.37861800576011e-5
-7.686605271501823e-5
-7.967644304397508e-5
-8.220376877398294e-5
-8.443615911908344e-5
-8.63634967104004e-5
-8.797744821108027e-5
-8.92714836500042e-5
-9.024088458608772e-5
-9.088274128800311e-5
-9.119593918424694e-5
-9.118113490517741e-5
-9.084072230151307e-5
-9.017878888243631e-5
-8.920106317051048e-5
-8.791485351979886e-5
-8.632897898759358e-5
-8.445369288879904e-5
-8.230059969510505e-5
-7.988256596848446e-5
-7.721362604020655e-5
-7.430888316241255e-5
-7.118440686939964e-5
-6.785712729014214e-5
-6.434472715237948e-5
-6.066553221194816e-5
-5.6838400829139655e-5
-5.288261339696425e-5
-4.881776230453731e-5
-4.466364309272495e-5
-4.04401474289733e-5
-3.6167158494313595e-5
-3.1864449338214056e-5
-2.755158471669624e-5
-2.3247826886313405e-5
-1.8972045781687107e-5
-1.4742633957694524e-5
-1.0577426629604654e-5
-6.493627095837868e-6
-2.5077377790969942e-6
1.3645029272700868e-6
5.108177869165254e-6
8.709242306859902e-6
1.2154569010466633e-5
1.5431987275429058e-5
1.8530315900210003e-5
2.14393902086101e-5
2.41500832367744e-5
2.6654321239779155e-5
2.8945093704437088e-5
3.1016458083500707e-5
3.2863539491593814e-5
3.448252562485688e-5
3.587065718440831e-5
3.7026214098211335e-5
3.7948497846863936e-5
3.863781020616179e-5
3.9095428723161767e-5
3.93235792429438e-5
3.932540580051284e-5
3.9104938186439795e-5
3.8667057486126795e-5
3.80174598811954e-5
3.716261898771732e-5
3.61097469900544e-5
3.486675481127338e-5
3.3442211541717495e-5
3.1845303326672425e-5
3.0085791892462934e-5
2.8173972868092902e-5
2.6120634036987616e-5
2.393701363086087e-5
2.163475875549416e-5
1.9225884016593333e-5
1.6722730393177272e-5
1.4137924386402874e-5
1.1484337453618792e-5
8.775045720995705e-6
6.023289953501021e-6
3.2424357484789935e-6
4.459339088066964e-7
-2.3527190563430636e-6
-5.140020360590505e-6
-7.902500359707502e-6
-1.0626762022083312e-5
-1.329952050896889e-5
-1.5907642918490867e-5
-1.8438188240252736e-5
-2.087844755778961e-5
-2.3215984524320752e-5
-2.5438676123314585e-5
-2.7534753709498602e-5
-2.9492844308347366e-5
-3.130201213296294e-5
-3.295180025688778e-5
-3.443227236003325e-5
-3.5734054442830514e-5
-3.684837638123868e-5
-3.776711317266413e-5
-3.848282570047856e-5
-3.89888008229901e-5
-3.927909057174158e-5
-3.9348550224186664e-5
-3.919287499745654e-5
-3.880863509336455e-5
-3.819330881028273e-5
-3.734531342536016e-5
-3.6264033540952625e-5
-3.494984658236301e-5
-3.3404145130221806e-5
-3.162935577027632e-5
-2.9628954146121265e-5
-2.7407475906643155e-5
-2.4970523249709427e-5
-2.2324766777003354e-5
-1.9477942391851557e-5
-1.6438842992439926e-5
-1.3217304736847766e-5
-9.824187683819644e-6
-6.271350643922728e-6
-2.5716201096233778e-6
1.2612468304308888e-6
5.212605648187055e-6
9.266973617461767e-6
1.3408085109222444e-5
1.761895286470808e-5
2.1881935123113813e-5
2.617880843245522e-5
3.0490845923470138e-5
3.479890077744123e-5
3.9083494570077185e-5
4.33249101254595e-5
4.750328846705511e-5
5.159872940727974e-5
5.559139527358989e-5
5.9461617227942495e-5
6.319000359818175e-5
6.67575496048391e-5
7.014574783541328e-5
7.33366987907458e-5
7.63132208050188e-5
7.905895862243955e-5
8.15584899001683e-5
8.379742889869309e-5
8.576252661790768e-5
8.744176663973251e-5
8.882445594639291e-5
8.990130999748393e-5
9.066453136876255e-5
9.11078812811817e-5
9.122674337997369e-5
9.101817916047227e-5
9.048097447969473e-5
8.961567664026303e-5
8.842462158578826e-5
8.691195080406701e-5
8.508361759600621e-5
8.29473824337152e-5
8.051279720026807e-5
7.779117817576994e-5
7.479556770908955e-5
7.154068459139981e-5
6.804286322597525e-5
6.431998176794418e-5
6.039137948731196e-5
5.627776368794138e-5
5.200110659372308e-5
4.758453269023841e-5
4.3052197085241865e-5
3.842915552364111e-5
3.374122676174004e-5
2.901484807077596e-5
2.427692470064606e-5
1.9554674190668455e-5
1.4875466464751925e-5
1.0266660692998876e-5
5.755439940092258e-6
1.3686446524624924e-6
-2.8673939391669057e-6
-6.9270194079818456e-6
-1.0785413606424598e-5
-1.441875692311488e-5
-1.7804384221665054e-5
-2.092093537553615e-5
-2.3748499334866146e-5
-2.626875069086227e-5
-2.846507774080556e-5
-3.0322701101771035e-5
-3.18287819735967e-5
-3.2972519211154006e-5
-3.3745234432219374e-5
-3.41404444598231e-5
-3.415392047641664e-5
-3.378373335101462e-5
-3.3030284689122286e-5
-3.1896323248117076e-5
-3.0386946457229548e-5
-2.8509586880647342e-5
-2.627398356389903e-5
-2.369213830680705e-5
-2.077825701022837e-5
-1.7548676347737333e-5
-1.4021776116635071e-5
-1.0217877724387111e-5
-6.159129366098212e-6
-1.869378545113365e-6
2.625967318374946e-6
7.30009135748097e-6
1.2124927891077045e-5
1.707133222457614e-5
2.2109258553990234e-5
2.720794484402545e-5
3.2336103494289355e-5
3.7462116558906585e-5
4.255423424444676e-5
4.7580775379366706e-5
5.2510328525491876e-5
5.731195238860862e-5
6.195537418121613e-5
6.641118459593931e-5
7.065102806310911e-5
7.464778699048548e-5
7.837575871695329e-5
8.18108239550538e-5
8.493060554918142e-5
8.771461643684826e-5
9.014439576922564e-5
9.220363222373875e-5
9.38782736253299e-5
9.515662208353835e-5
9.602941394915047e-5
9.648988399619293e-5
9.653381334175636e-5
9.615956072679335e-5
9.536807689486534e-5
9.41629019219896e-5
9.255014546843988e-5
9.053845004173158e-5
8.813893747822636e-5
8.53651389679474e-5
8.223290906247464e-5
7.876032421831665e-5
7.49675665371443e-5
7.087679346887022e-5
6.651199434303728e-5
6.189883468756183e-5
5.7064489380904596e-5
5.203746576351151e-5
4.6847417906330195e-5
4.1524953297770466e-5
3.610143326520502e-5
3.060876849252204e-5
2.507921103104391e-5
1.954514422699193e-5
1.4038872004428904e-5
8.592408948078338e-6
3.2372726255737103e-6
-1.995720426471086e-6
-7.076653653564067e-6
-1.1976703008026625e-5
-1.6668321728938765e-5
-2.112541611372278e-5
-2.5323511081592555e-5
-2.923990440156339e-5
-3.285380853833852e-5
-3.6146479157532244e-5
-3.9101329426754976e-5
-4.170402935035839e-5
-4.3942589482394945e-5
-4.580742847379841e-5
-4.729142402512592e-5
-4.838994693457608e-5
-4.9100878051539064e-5
-4.942460806776013e-5
-4.9364020200412e-5
-4.8924455943073215e-5
-4.811366418090512e-5
-4.694173408432259e-5
-4.54210123102917e-5
-4.356600515122597e-5
-4.139326637745564e-5
-3.892127161965564e-5
-3.617028023168176e-5
-3.316218566129457e-5
-2.9920355435621512e-5
-2.646946193931377e-5
-2.2835305225708136e-5
-1.9044629154422763e-5
-1.512493219235035e-5
-1.1104274248613627e-5
-7.0110809375174595e-6
-2.873946676683307e-6
1.2785619696764417e-6
5.418101300018142e-6
9.516742452871035e-6
1.3547158996105237e-5
1.748280880981973e-5
2.129810899227585e-5
2.4968602575221368e-5
2.8471115900681717e-5
3.178390558530584e-5
3.48867940801035e-5
3.7761292922225856e-5
4.0390712870673703e-5
4.2760260218703116e-5
4.4857118681492023e-5
4.6670516367491394e-5
4.81917774549938e-5
4.941435831094037e-5
5.033386790596932e-5
5.0948072497287905e-5
5.125688466826651e-5
5.12623369297611e-5
5.096854020224776e-5
5.0381627609005006e-5
4.950968411797486e-5
4.8362662672761807e-5
4.6952287550755634e-5
4.5291945777787085e-5
4.339656751345484e-5
4.1282496398587534e-5
3.896735092574397e-5
3.646987795460872e-5
3.3809799546252734e-5
3.100765433307903e-5
2.8084634674591207e-5
2.506242087265471e-5
2.1963013733568664e-5
1.8808566767897022e-5
1.562121931270034e-5
1.2422931844581313e-5
9.235324726021208e-6
6.079521592050922e-6
2.9759985396852305e-6
-5.555977085273771e-8
-2.9963960558613266e-6
-5.8288074111754695e-6
-8.5362624776689e-6
-1.1103507951932017e-5
-1.3516663714277576e-5
-1.5763305940911512e-5
-1.783253766627234e-5
-1.971504636437459e-5
-2.140314822369364e-5
-2.289081889782708e-5
-2.4173710623035358e-5
-2.52491557029108e-5
-2.6116156469012604e-5
-2.6775361933455954e-5
-2.7229031454330917e-5
-2.7480985836613757e-5
-2.7536546389135158e-5
-2.7402462551415355e-5
-2.7086828792043497e-5
-2.659899156207935e-5
-2.5949447162078153e-5
-2.5149731449181266e-5
-2.421230237077818e-5
-2.315041636307417e-5
-2.197799969608817e-5
-2.0709515880863104e-5
-1.9359830279732908e-5
-1.7944073076187936e-5
-1.6477501767124586e-5
-1.4975364337020958e-5
-1.3452764260916921e-5
-1.1924528461112906e-5
-1.040507931144621e-5
-8.908311743135938e-6
-7.447476457842249e-6
-6.035070197197201e-6
-4.6827339540860105e-6
-3.4011599399477183e-6
-2.2000080449073015e-6
-1.0878324442860356e-6
-7.201891666659536e-8
8.412666540635254e-7
1.6471182166469789e-6
2.3419176535150595e-6
2.9233508693368068e-6
3.390411793811844e-6
3.7433943282048034e-6
3.983872367355218e-6
4.114668129827755e-6
4.139809127622871e-6
4.064474202678081e-6
3.894929149476028e-6
3.6384525306518295e-6
3.30325237489699e-6
2.898374522983767e-6
2.4336034577757712e-6
1.9193565170653066e-6
1.3665724435206973e-6
7.865952734031452e-7
1.9105460472878308e-7
-4.082566841717925e-7
-9.995061734172789e-7
-1.5709459932052887e-6
-2.111036160899501e-6
-2.608566062471294e-6
-3.0527729927061206e-6
-3.4334566931949236e-6
-3.7410888605905233e-6
-3.96691663972075e-6
-4.103059166491187e-6
-4.142596283740735e-6
-4.079648618817171e-6
-3.9094482841135825e-6
-3.6283995405225713e-6
-3.234128848137748e-6
-2.7255238178363056e-6
-2.10276067088384e-6
-1.3673199106871794e-6
-5.219900104623857e-7
4.291409779314827e-7
1.4807058862061962e-6
2.6260908524141945e-6
3.857479491730954e-6
5.165908502111419e-6
6.541334293434841e-6
7.972710133587353e-6
9.448073213689195e-6
1.0954640948072844e-5
1.2478915743376858e-5
1.4006797395944475e-5
1.552370220817735e-5
1.7014687853222904e-5
1.8464582963850277e-5
1.9858120376049147e-5
2.118007292119495e-5
2.241539063282338e-5
2.3549338215459926e-5
2.456763161369367e-5
2.545657251987241e-5
2.6203179668491534e-5
2.679531578444924e-5
2.7221809080768914e-5
2.7472568238922086e-5
2.753868985124775e-5
2.7412557359834244e-5
2.708793058916598e-5
2.6560025040391188e-5
2.5825580192678973e-5
2.4882916141209377e-5
2.37319779912516e-5
2.2374367522791158e-5
2.081336173958267e-5
1.9053918019504024e-5
1.7102665688893725e-5
1.4967883951324602e-5
1.2659466210157924e-5
1.0188870933365862e-5
7.569059317656105e-6
4.814420115996593e-6
1.940682097406729e-6
-1.0351852905354765e-6
-4.095082388379582e-6
-7.219900159725781e-6
-1.0389650546043775e-5
-1.3583605411888936e-5
-1.6780443076723147e-5
-1.995840136272488e-5
-2.3095436029198074e-5
-2.616938341391372e-5
-2.9158126060403816e-5
-3.203976007820256e-5
-3.479276296060624e-5
-3.739616057186025e-5
-3.9829692012995045e-5
-4.20739710827914e-5
-4.411064306760803e-5
-4.592253562090204e-5
-4.7493802530093264e-5
-4.8810059214656414e-5
-4.985850885470852e-5
-5.062805811343628e-5
-5.110942148908127e-5
-5.129521341226716e-5
-5.1180027291705084e-5
-5.076050080502177e-5
-5.0035366830993286e-5
-4.900548952404415e-5
-4.7673885140734785e-5
-4.604572734025531e-5
-4.4128336795869366e-5
-4.193115507090599e-5
-3.946570283039477e-5
-3.674552257692019e-5
-3.37861062158137e-5
-3.060480786951285e-5
-2.7220742472962215e-5
-2.3654670790406715e-5
-1.992887159802143e-5
-1.6067001875759897e-5
-1.2093945944776749e-5
-8.03565457311183e-6
-3.9189751513331925e-6
2.285258890927328e-7
4.378747179347518e-6
8.503241749760602e-6
1.2573410266078498e-5
1.6560696797860304e-5
2.043678572691722e-5
2.417379838950026e-5
2.7744488042080897e-5
3.112243174711631e-5
3.428221779209493e-5
3.719962728233267e-5
3.9851808585223654e-5
4.221744335070521e-5
4.427690288921273e-5
4.6012393753986704e-5
4.740809144876691e-5
4.8450261264122274e-5
4.912736533533107e-5
4.943015511117245e-5
4.935174852552172e-5
4.888769127148602e-5
4.8036001690211555e-5
4.679719890257012e-5
4.517431393087705e-5
4.317288367869553e-5
4.0800927758776395e-5
3.806890828136161e-5
3.498967283653531e-5
3.1578381024171444e-5
2.7852415002391332e-5
2.3831274639465435e-5
1.9536457963939212e-5
1.499132771261062e-5
1.0220964875094704e-5
5.252010226339818e-6
1.1249492394040106e-7
-5.168338675172945e-6
-1.0560224754704699e-5
-1.60320690510695e-5
-2.155214980170358e-5
-2.7088323252024522e-5
-3.260823231164214e-5
-3.807951692874704e-5
-4.3470024740160653e-5
-4.8748020553450185e-5
-5.3882393226702905e-5
-5.8842858531012074e-5
-6.360015661021759e-5
-6.812624269177797e-5
-7.239446975148616e-5
-7.637976189273104e-5
-8.005877726767353e-5
-8.34100594425766e-5
-8.641417619199276e-5
-8.905384479600941e-5
-9.131404301054603e-5
-9.318210498213337e-5
-9.464780148487977e-5
-9.570340396769999e-5
-9.63437320135031e-5
-9.656618392809863e-5
-9.637075029420727e-5
-9.576001044433568e-5
-9.473911192450414e-5
-9.3315733138059e-5
-9.150002947422509e-5
-8.930456333882466e-5
-8.674421861389953e-5
-8.383610017807481e-5
-8.059941921963205e-5
-7.705536516873801e-5
-7.322696516344678e-5
-6.913893204535711e-5
-6.481750195461057e-5
-6.029026265978616e-5
-5.558597381573289e-5
-5.0734380391148314e-5
-4.576602054742975e-5
-4.0712029280793616e-5
-3.560393916070641e-5
-3.047347950920237e-5
-2.5352375367676226e-5
-2.027214759028138e-5
-1.5263915386220382e-5
-1.0358202607267889e-5
-5.584749041939177e-6
-9.723279342497757e-7
3.451429106683069e-6
7.660198699421138e-6
1.1629122745334311e-5
1.5334954979543678e-5
1.875619613077863e-5
2.1873216888440827e-5
2.4668367965183417e-5
2.7126076637545855e-5
2.923292924484881e-5
3.097773922693938e-5
3.2351600383735e-5
3.334792514309584e-5
3.3962467727559284e-5
3.4193332214224096e-5
3.4040965584709716e-5
3.350813596303769e-5
3.259989633768473e-5
3.132353415927936e-5
2.968850729683667e-5
2.7706366922377e-5
2.5390667975713322e-5
2.2756867937583157e-5
1.982221470960983e-5
1.6605624463455847e-5
1.3127550378489164e-5
9.409843237077544e-6
5.475604888955815e-6
1.3490356307330628e-6
-2.9447234265584e-6
-7.379751910083427e-6
-1.192951455526736e-5
-1.6567027287530822e-5
-2.1265023914745625e-5
-2.5996122341940577e-5
-3.073298923975767e-5
-3.544850212535002e-5
-4.011590784852641e-5
-4.470897651661538e-5
-4.92021499383584e-5
-5.357068371968834e-5
-5.7790782202051104e-5
-6.18397254964444e-5
-6.569598793307172e-5
-6.933934731684473e-5
-7.275098445236248e-5
-7.591357247782227e-5
-7.881135562501449e-5
-8.143021710144183e-5
-8.37577358701555e-5
-8.578323218244615e-5
-8.749780179749815e-5
-8.8894338900938e-5
-8.996754781030291e-5
-9.071394362930021e-5
-9.113184208380178e-5
-9.122133884034451e-5
-9.09842786720485e-5
-9.04242148968884e-5
-8.95463595688281e-5
-8.835752495308691e-5
-8.686605686249643e-5
-8.508176047228548e-5
-8.301581926549648e-5
-8.06807077904605e-5
-7.809009893525739e-5
-7.525876644178001e-5
-7.220248339395622e-5
-6.893791742087601e-5
-6.548252335613255e-5
-6.185443408975249e-5
-5.807235033884849e-5
-5.415543004777194e-5
-5.0123178108399e-5
-4.599533706644052e-5
-4.17917794507561e-5
-3.7532402329854544e-5
-3.323702466347885e-5
-2.8925287977813347e-5
-2.4616560850804302e-5
-2.0329847649776123e-5
-1.608370191746446e-5
-1.1896144755067612e-5
-7.784588502554572e-6
-3.7657659675642954e-6
1.4433459470146055e-7
3.930528596759317e-6
7.578488223269939e-6
1.1074789465182459e-5
1.4406953069299027e-5
1.7563479432109733e-5
2.0533877507786677e-5
2.330868783871187e-5
2.587949985264355e-5
2.8238963603401197e-5
3.038079616151429e-5
3.229978288751995e-5
3.399177384340209e-5
3.545367561686388e-5
3.6683438848825526e-5
3.768004176655782e-5
3.8443470033351567e-5
3.8974693230593165e-5
3.927563828964553e-5
3.934916018919971e-5
3.9199010228887814e-5
3.88298021821005e-5
3.8246976620424545e-5
3.745676368904839e-5
3.6466144597200397e-5
3.528281207044154e-5
3.391512999272292e-5
3.237209244583521e-5
3.066328233255442e-5
2.8798829747726244e-5
2.6789370239041635e-5
2.464600307668998e-5
2.2380249628705957e-5
2.0004011916978577e-5
1.7529531407858704e-5
1.4969348071350922e-5
1.2336259724291199e-5
9.64328165588667e-6
6.903606518827557e-6
4.130564455977571e-6
1.3375834216379357e-6
-1.4618503523121296e-6
-4.254231801380172e-6
-7.026076444284527e-6
-9.763959830618307e-6
-1.2454557079993028e-5
-1.5084682568413167e-5
-1.7641329811254512e-5
-2.0111711583396866e-5
-2.248330030597044e-5
-2.474386871587956e-5
-2.6881530818991764e-5
-2.888478311081467e-5
-3.074254602980551e-5
-3.2444205588467274e-5
-3.39796551063085e-5
-3.533933694686331e-5
-3.651428413858907e-5
-3.7496161736882826e-5
-3.8277307761985296e-5
-3.8850773525501324e-5
-3.921036313698812e-5
-3.935067196182197e-5
-3.9267123782730345e-5
-3.8956006400190746e-5
-3.8414505391721604e-5
-3.7640735737138665e-5
-3.663377100640536e-5
-3.5393669799021244e-5
-3.392149911914002e-5
-3.2219354368994805e-5
-3.029037564493562e-5
-2.813876002546211e-5
-2.5769769549298515e-5
-2.3189734593756102e-5
-2.04060523794451e-5
-1.742718034680031e-5
-1.4262624172816578e-5
-1.0922920222802772e-5
-7.419612261647273e-6
-3.7652222820326655e-6
2.6784657134865642e-8
3.942041650187374e-6
7.9653272490424e-6
1.2080618836155474e-5
1.6271152004624972e-5
2.051948583730151e-5
2.4807573928953802e-5
2.9116840946889626e-5
3.342826447654132e-5
3.772246184961638e-5
4.1979781604058404e-5
4.6180399177648e-5
5.030441639103188e-5
5.4331964231772164e-5
5.8243308409087356e-5
6.201895710968208e-5
6.563977034896851e-5
6.90870702793269e-5
