1000.0
1000.0
1000.0
1000.0
1000.000000299013
1000.0000014891556
1000.0000044438909
1000.0000103005477
1000.0000204372989
1000.0000364448424
1000.0000600930831
1000.0000932931683
1000.0001380552812
1000.0001964426417
1000.0002705222092
1000.0003623126191
1000.0004737299186
1000.0006065316968
1000.0007622602284
1000.0009421852629
1000.0011472471115
1000.0013780006803
1000.0016345611081
1000.0019165516503
1000.0022230544503
1000.0025525648092
1000.0029029495514
1000.0032714100471
1000.0036544504208
1000.004047851434
1000.0044466504859
1000.0048451281234
1000.0052368014044
1000.0056144243928
1000.00596999601
1000.0062947754017
1000.0065793049118
1000.0068134406923
1000.0069863909049
1000.0070867614065
1000.0071026087376
1000.0070215001675
1000.0068305804828
1000.006516645139
1000.0060662193359
1000.0054656425137
1000.0047011577126
1000.0037590051862
1000.0026255196105
1000.0012872301864
999.9997309628964
999.9979439441435
999.9959139049744
999.9936291850669
999.9910788356497
999.9882527205142
999.9851416142784
999.9817372970673
999.9780326447911
999.9740217142181
999.9696998220696
999.9650636173959
999.9601111465316
999.9548419099764
999.9492569105972
999.9433586926068
999.9371513708336
999.9306406498679
999.923833832737
999.9167398188403
999.9093690909486
999.9017336911576
999.8938471857606
999.8857246190962
999.8773824565039
999.8688385166084
999.8601118932343
999.8512228673346
999.8421928093987
999.8330440728768
999.8237998792371
999.814484195341
999.8051216038835
999.7957371677119
999.786356288888
999.7770045634119
999.7677076325652
999.7584910318731
999.7493800387111
999.74039951961
999.7315737783224
999.7229264057293
999.7144801326604
999.7062566866985
999.6982766540199
999.6905593473041
999.6831226807118
999.6759830528953
999.6691552389583
999.6626522922304
999.656485456662
999.6506640905812
999.6451956024795
999.6400853994194
999.6353368485735
999.6309512523177
999.6269278372105
999.6232637570992
999.6199541104953
999.616991972265
999.6143684395819
999.6120726919886
999.610092065319
999.6084121391302
999.6070168372021
999.6058885405672
999.6050082124442
999.6043555343624
999.6039090526843
999.6036463346552
999.6035441330389
999.6035785583362
999.6037252575208
999.6039595981806
999.6042568569057
999.604592410731
999.6049419304113
999.6052815742894
999.6055881815035
999.6058394632811
999.6060141910668
999.6060923802523
999.6060554682924
999.6058864860271
999.6055702210657
999.6050933721375
999.6044446933666
999.6036151274928
999.602597927126
999.6013887632002
999.5999858198729
999.5983898752008
999.5966043670174
999.5946354435314
999.5924919982634
999.590185689043
999.5877309408871
999.585144932692
999.582447567769
999.5796614283679
999.5768117144271
999.5739261668996
999.5710349760996
999.5681706756121
999.5653680224027
999.5626638638504
999.5600969925139
999.557707989517
999.5555390575126
999.5536338442517
999.5520372578414
999.5507952748309
999.5499547423068
999.5495631752203
999.5496685501944
999.5503190970851
999.5515630895834
999.5534486361493
999.5560234725685
999.559334757413
999.5634288716635
999.5683512237324
999.5741460610841
999.5808562896123
999.5885233018815
999.5971868152847
999.606884721101
999.6176529453733
999.6295253224409
999.6425334818865
999.6567067495631
999.6720720632802
999.688653903627
999.7064742403135
999.725552494308
999.7459055159467
999.7675475790837
999.7904903912488
999.8147431196719
999.8403124329355
999.8672025579103
999.8954153515368
999.924950386919
999.9558050531082
999.9879746678694
1000.0214526026472
1000.0562304188716
1000.0922980146809
1000.1296437810797
1000.1682547664977
1000.2081168486699
1000.2492149127248
1000.291533034337
1000.3350546667775
1000.3797628306868
1000.4256403053853
1000.4726698205408
1000.5208342470205
1000.5701167857735
1000.6205011536099
1000.6719717647774
1000.7245139072677
1000.7781139128324
1000.8327593197308
1000.8884390272908
1000.945143441417
1001.0028646102473
1001.0615963492218
1001.1213343548998
1001.1820763069352
1001.2438219576925
1001.3065732090681
1001.3703341761576
1001.4351112374933
1001.5009130716569
1001.5677506801532
1001.6356373965145
1001.7045888816857
1001.7746231058179
1001.8457603166811
1001.9180229949777
1001.9914357969167
1002.0660254844761
1002.1418208438506
1002.2188525926443
1002.2971532764293
1002.3767571553444
1002.4577000814625
1002.5400193676969
1002.6237536490629
1002.708942737141
1002.7956274686233
1002.8838495488458
1002.9736513912306
1003.065075953573
1003.1581665721175
1003.2529667943679
1003.3495202115723
1003.4478702918141
1003.5480602146242
1003.6501327080113
1003.7541298887763
1003.8600931069521
1003.9680627951674
1004.0780783236986
1004.190177861926
1004.3043982468624
1004.4207748593703
1004.53934150863
1004.6601303253601
1004.7831716642362
1004.9084940158851
1005.0361239287762
1005.1660859412605
1005.2984025239481
1005.433094032548
1005.5701786712299
1005.7096724665075
1005.8515892515784
1005.9959406609977
1006.1427361355069
1006.2919829367823
1006.4436861718192
1006.5978488266181
1006.7544718087975
1006.9135539987146
1007.0750923086438
1007.2390817495246
1007.4055155047713
1007.5743850106041
1007.7456800423518
1007.9193888061532
1008.0954980354809
1008.2739930918982
1008.4548580694619
1008.6380759021823
1008.8236284739562
1009.0114967303965
1009.201660791992
1009.3941000680437
1009.5887933708389
1009.7857190295425
1009.9848550033024
1010.1861789930867
1010.3896685517936
1010.5953011921937
1010.803054492291
1011.0129061977118
1011.2248343207525
1011.4388172357437
1011.6548337704113
1011.8728632929375
1012.0928857944509
1012.3148819666944
1012.5388332746456
1012.7647220238836
1012.9925314225186
1013.222245637524
1013.4538498453254
1013.6873302765272
1013.9226742546731
1014.1598702289566
1014.3989078008169
1014.6397777443738
1014.8824720206725
1015.1269837857294
1015.373307392385
1015.6214383859906
1015.8713734939724
1016.1231106093347
1016.3766487681822
1016.6319881213617
1016.8891299003387
1017.1480763774483
1017.4088308206746
1017.6713974431356
1017.9357813474704
1018.2019884653433
1018.4700254923022
1018.7398998182481
1019.0116194537939
1019.2851929528076
1019.5606293314615
1019.8379379841202
1020.1171285964272
1020.3982110559633
1020.6811953608691
1020.9660915268391
1021.2529094929134
1021.5416590265004
1021.832349628082
1022.1249904360591
1022.4195901322023
1022.7161568481819
1023.0146980736494
1023.3152205663473
1023.6177302647185
1023.9222322034816
1024.2287304326317
1024.537227940312
1024.84772657999
1025.1602270023486
1025.4747285922897
1025.7912294114162
1026.1097261463353
1026.4302140630964
1026.752686968042
1027.0771371753206
1027.403555481266
1027.73193114582
1028.062251881123
1028.3945038473685
1028.7286716559652
1029.0647383800172
1029.402685572085
1029.7424932891493
1030.0841401246635
1030.4276032475339
1030.772858447835
1031.119880189027
1031.4686416664113
1031.819114871523
1032.1712706621397
1032.5250788375472
1032.880508218689
1033.2375267328007
1033.5961015021128
1033.9561989361937
1034.3177848274872
1034.6808244495953
1035.045282657844
1035.4111239916713
1035.7783127783703
1036.1468132377197
1036.5165895870389
1036.8876061462029
1037.2598274421607
1037.6332183125025
1038.0077440076282
1038.3833702910767
1038.7600635375834
1039.1377908284367
1039.5165200437182
1039.8962199510158
1040.2768602902097
1040.658411853938
1041.040846563364
1041.4241375388724
1041.8082591653388
1042.1931871516265
1042.5788985839822
1042.9653719730175
1043.3525872939827
1043.740526020062
1044.1291711484382
1044.51850721891
1044.9085203248635
1045.299198116445
1045.6905297958049
1046.0825061043324
1046.475119301837
1046.8683631376766
1047.2622328138862
1047.656724940402
1048.0518374825388
1048.4475697009213
1048.8439220841342
1049.2408962744037
1049.6384949866865
1050.036721921589
1050.4355816725988
1050.8350796281572
1051.2352218691544
1051.6360150624691
1052.0374663512173
1052.43958324241
1052.8423734927485
1053.245844993311
1053.6500056539012
1054.0548632878376
1054.4604254979697
1054.8666995646959
1055.2736923367538
1055.6814101255272
1056.0898586035905
1056.4990427081757
1056.9089665502083
1057.3196333295086
1057.7310452567033
1058.1432034823351
1058.556108033597
1058.969757759047
1059.384150281602
1059.7992819600267
1060.2151478590763
1060.6317417283708
1061.04905599002
1061.4670817349431
1061.8858087277702
1062.3052254201464
1062.7253189722105
1063.1460752819612
1063.567479022185
1063.9895136845746
1064.4121616306354
1064.835404148945
1065.2592215183106
1065.6835930763532
1066.1084972930269
1066.5339118485838
1066.959813715488
1067.3861792437792
1067.812984249398
1068.240204104984
1068.6678138326743
1069.0957881984314
1069.5241018074487
1069.9527292001872
1070.3816449486105
1070.8108237521944
1071.2402405332975
1071.6698705314855
1072.0996893964098
1072.5296732788452
1072.959798919496
1073.3900437351824
1073.8203859020175
1074.2508044351944
1074.6812792649944
1075.1117913086362
1075.5423225375862
1075.9728560399535
1076.4033760776015
1076.8338681376154
1077.2643189777812
1077.6947166657412
1078.1250506115205
1078.5553115931348
1078.985491775027
1079.4155847191093
1079.8455853882306
1080.2754901419278
1080.705296724376
1081.1350042444944
1081.5646131482313
1081.994125183101
1082.4235433551148
1082.8528718783039
1083.2821161170998
1083.7112825218996
1084.1403785582052
1084.5694126297833
1084.9983939963568
1085.4273326863818
1085.8562394055195
1086.285125441454
1086.7140025657397
1087.1428829333986
1087.5717789810037
1088.0007033240042
1088.4296686540529
1088.858687637096
1089.2877728129774
1089.7169364972913
1090.1461906861919
1090.5755469648402
1091.005016420128
1091.4346095582712
1091.8643362278222
1092.294205548588
1092.7242258468898
1093.1544045975306
1093.5847483727805
1094.0152627986201
1094.445952518419
1094.8768211641577
1095.3078713352436
1095.7391045849035
1096.1705214140802
1096.6021212727005
1097.0339025681342
1097.4658626806108
1097.8979979853189
1098.3303038808742
1098.7627748238056
1099.1954043686787
1099.6281852134548
1100.061109249656
1100.494167616897
1100.927350761325
1101.3606484975107
1101.794050073314
1102.2275442372595
1102.6611193079489
1103.0947632450439
1103.5284637213576
1103.9622081955988
1104.3959839853212
1104.8297783396426
1105.2635785113055
1105.697371827663
1106.1311457601914
1106.564887992137
1106.9985864839236
1107.432229535962
1107.8658058485184
1108.2993045783164
1108.7327153915655
1109.1660285131318
1109.5992347715828
1110.03232563987
1110.4652932714287
1110.89813053151
1111.3308310235818
1111.763389110671
1112.1957999315493
1112.6280594117
1113.0601642690349
1113.4921120143745
1113.9239009467335
1114.3555301434978
1114.7869994456155
1115.2183094379602
1115.649461425069
1116.080457402484
1116.5113000239724
1116.9419925649229
1117.372538882256
1117.8029433712054
1118.2332109193574
1118.6633468583575
1119.0933569137037
1119.5232471530667
1119.953023933582
1120.3826938485647
1120.812263674096
1121.2417403159272
1121.6711307571406
1122.1004420069846
1122.5296810512948
1122.9588548048807
1123.3879700662405
1123.8170334749318
1124.2460514718994
1124.675030263027
1125.1039757861415
1125.5328936816616
1125.9617892670487
1126.3906675151713
1126.819533036659
1127.2483900662833
1127.6772424533594
1128.1060936561323
1128.5349467400629
1128.963804379907
1129.392668865438
1129.8215421106368
1130.250425666142
1130.6793207347314
1131.1082281895744
1131.537148594985
1131.966082229377
1132.395029110116
1132.8239890199472
1133.2529615346718
1133.6819460517347
1134.1109418193912
1134.5399479661135
1134.9689635299046
1135.3979874871932
1135.8270187809906
1136.2560563480042
1136.6850991444142
1137.1141461700372
1137.5431964906206
1137.9722492580302
1138.4013037281177
1138.8303592760817
1139.259415409157
1139.688471776501
1140.11752817617
1140.5465845591145
1140.9756410301466
1141.4046978458696
1141.83375540959
1142.262814263264
1142.691875076562
1143.1209386331645
1143.5500058144366
1143.979077580652
1144.408154949967
1144.837238975372
1145.2663307198686
1145.6954312301425
1146.1245415090193
1146.5536624870097
1146.9827949932585
1147.4119397262239
1147.84109722442
1148.2702678375572
1148.699451698413
1149.1286486957702
1149.557858448741
1149.9870802827938
1150.4163132077854
1150.8455558982812
1151.274806676434
1151.7040634976647
1152.133323939369
1152.562585192849
1152.9918440586407
1153.4210969453788
1153.8503398723153
1154.2795684755738
1154.7087780181935
1155.137963403984
1155.5671191951817
1155.9962396338656
1156.425318667064
1156.854349975446
1157.283327005468
1157.7122430048128
1158.1410910609306
1158.569864142468
1158.9985551433367
1159.427156929158
1159.855662385788
1160.2840644696118
1160.7123562592683
1161.140531008453
1161.5685821994289
1161.9965035968528
1162.4242893015237
1162.851933803635
1163.2794320351138
1163.7067794206207
1164.1339719267762
1164.5610061091893
1164.987879156856
1165.4145889335093
1165.8411340155083
1166.26751372587
1166.6937281640628
1167.119778231203
1167.5456656503227
1167.9713929814034
1168.3969636309075
1168.8223818555734
1169.2476527602823
1169.6727822898504
1170.0977772146455
1170.5226451099788
1170.9473943292746
1171.3720339710746
1171.7965738399903
1172.2210244017706
1172.6453967327125
1173.0697024636916
1173.4939537191487
1173.9181630514204
1174.3423433708458
1174.7665078721343
1175.1906699575163
1175.614843157237
1176.0390410479863
1176.4632771698848
1176.8875649426625
1177.3119175816853
1177.7363480144893
1178.1608687984835
1178.5854920404774
1179.0102293186744
1179.4350916077576
1179.860089207663
1180.285231676611
1180.7105277689275
1181.1359853781432
1181.5616114858192
1181.9874121164942
1182.4133922991016
1182.8395560351446
1183.2659062738703
1183.6924448946206
1184.1191726964887
1184.546089395349
1184.9731936282792
1185.4004829653363
1185.827953928605
1186.2556020183815
1186.6834217463197
1187.1114066753184
1187.539549465897
1187.9678419287661
1188.3962750832752
1188.8248392213852
1189.253523976793
1189.6823183988133
1190.1112110305992
1190.5401899912727
1190.9692430615141
1191.3983577721515
1191.827521495274
1192.2567215373872
1192.6859452341146
1193.115180045939
1193.544413654475
1193.9736340587453
1194.4028296709375
1194.8319894111
1195.2611028002382
1195.6901600512608
1196.119152157229
1196.5480709763528
1196.9769093131843
1197.4056609954605
1197.8343209460543
1198.262885249501
1198.6913512125866
1199.1197174184979
1199.5479837740634
1199.9761515496402
1200.4042234112376
1200.8322034445073
1201.2600971702786
1201.6879115513664
1202.115654990434
1202.5433373187602
1202.9709697758205
1203.3985649796643
1203.8261368881438
1204.253700751125
1204.6812730538884
1205.1088714520054
1205.5365146980541
1205.9642225606156
1206.392015736062
1206.819915753725
1207.2479448750933
1207.6761259877535
1208.1044824948394
1208.5330382008065
1208.9618171943844
1209.3908437295956
1209.820142105746
1210.249736547309
1210.679651084629
1211.1099094363583
1211.540534894532
1211.9715502131535
1212.4029775011334
1212.8348381203734
1213.2671525897456
1213.6999404956453
1214.133220409742
1214.567009814472
1215.0013250367426
1215.4361811902427
1215.8715921266635
1216.3075703960562
1216.7441272164665
1217.1812724529013
1217.6190146056051
1218.0573608075397
1218.4963168308911
1218.935887102354
1219.3760747268775
1219.8168815195024
1220.2583080448587
1220.7003536638542
1221.1430165870386
1221.5862939340984
1222.0301817989127
1222.4746753195773
1222.9197687527956
1223.3654555520259
1223.8117284487755
1224.2585795364341
1224.70600035605
1225.1539819834634
1225.6025151172269
1226.051590166766
1226.5011973402454
1226.9513267316393
1227.4019684065167
1227.853112486087
1228.3047492290652
1228.7568691109523
1229.2094629003348
1229.6625217318472
1230.1160371754502
1230.5700013017076
1231.0244067427627
1231.4792467487378
1231.9345152393
1232.390206850159
1232.8463169742797
1233.3028417976207
1233.7597783292233
1234.217124425508
1234.6748788086513
1235.1330410789474
1235.5916117210852
1236.0505921042982
1236.5099844763786
1236.9697919515775
1237.4300184924489
1237.8906688857282
1238.3517487123777
1238.8132643119643
1239.275222741578
1239.7376317295355
1240.200499624153
1240.6638353379149
1241.127648287393
1241.5919483293171
1242.0567456932229
1242.5220509111386
1242.9878747447992
1243.4542281108966
1243.9211220049
1244.3885674239937
1244.8565752896852
1245.325156370654
1245.7943212063965
1246.26408003223
1246.7344427062005
1247.2054186384273
1247.6770167233906
1248.1492452756504
1248.6221119694433
1249.0956237825762
1249.5697869449918
1250.044606892338
1250.5200882248268
1250.9962346716197
1251.473049060922
1251.9505332959225
1252.4286883366537
1252.907514187801
1253.3870098924324
1253.8671735315718
1254.3480022294875
1254.8294921645188
1255.3116385852236
1255.7944358315845
1256.2778773609746
1256.7619557785536
1257.24666287173
1257.731989648309
1258.2179263779178
1258.7044626362901
1259.1915873519827
1259.6792888550847
1260.167554927489
1260.656372854289
1261.1457294758823
1261.6356112403632
1262.126004255811
1262.6168943420937
1263.1082670818303
1263.6001078701775
1264.0924019631334
1264.5851345240765
1265.0782906682884
1265.5718555052356
1266.065814178418
1266.5601519026181
1267.054853998418
1267.5499059238723
1268.0452933032643
1268.5410019528865
1269.0370179038196
1269.5333274217048
1270.0299170235269
1270.52677349144
1271.023883883697
1271.5212355427454
1272.0188161005801
1272.5166134814435
1273.0146159019846
1273.5128118689884
1274.0111901748
1274.5097398905702
1275.008450357455
1275.5073111759034
1276.0063121931696
1276.5054434891902
1277.00469536096
1277.5040583055488
1278.0035230018916
1278.503080291493
1279.0027211581767
1279.5024367070168
1280.002218142582
1280.5020567466252
1281.0019438553497
1281.5018708363843
1282.0018290655962
1282.5018099038755
1283.0018046740227
1283.5018046378746
1284.0018009738014
1284.501784754716
1285.0017469267304
1285.501678288606
1286.0015694721358
1286.5014109236095
1287.0011928865054
1287.5009053855588
1288.000538212358
1288.5000809126152
1288.999522775263
1289.4988528235217
1289.9980598080829
1290.4971322025478
1290.9960582012527
1291.4948257196086
1291.9934223970708
1292.4918356028431
1292.9900524444076
1293.4880597789588
1293.9858442277991
1294.4833921937377
1294.9806898815107
1295.4777233212214
1295.9744783947701
1296.4709408652202
1296.9670964090208
1297.4629306509732
1297.9584292018053
1298.4535776981816
1298.9483618449533
1299.4427674594178
1299.9367805173315
1300.430387200388
1300.923573944853
1301.4163274910145
1301.9086349330914
1302.4004837692198
1302.8918619511196
1303.3827579330332
1303.8731607195143
1304.3630599116436
1304.8524457512435
1305.3413091626678
1305.8296417917534
1306.317436041528
1306.804685104291
1307.2913829897009
1307.7775245485373
1308.2631054918252
