1.5707963267948966
1.5707963267948966
1.5707963267948966
1.5707957287688605
1.5707939465096952
1.5707904173242206
1.5707846134813053
1.5707760532925035
1.5707643117078152
1.5707490303135239
1.5707299266244155
1.5707068025689992
1.5706795520735894
1.5706481676591988
1.5706127459740757
1.5705734921943157
1.570530723235204
1.5704848697267264
1.5704364767179195
1.570386203086328
1.5703348196406974
1.5702832059170575
1.5702323456804381
1.5701833211565064
1.5701373060293167
1.5700955572530282
1.5700594057367534
1.5700302459725772
1.570009524687122
1.5699987286067423
1.5699993714354352
1.5700129801527585
1.570041080746397
1.5700851835004317
1.5701467679657966
1.57022726774379
1.5703280552168233
1.570450426362768
1.5705955857903227
1.570764632132702
1.570958543935693
1.571178166173682
1.5714241975236851
1.5716971785227154
1.571997480728017
1.5723252969928594
1.5726806329627234
1.5730632998879184
1.5734729088389885
1.5739088664007783
1.5743703719098123
1.574856416287787
1.5753657825115583
1.5758970477471552
1.5764485871621186
1.5770185794170115
1.577605013823329
1.5782056991413917
1.5788182739782386
1.579440218732147
1.5800688690173093
1.5807014304894973
1.5813349949813533
1.5819665578443445
1.5825930363835266
1.583211289261153
1.5838181367359336
1.5844103815964694
1.5849848306401353
1.585538316542525
1.5860677199575495
1.5865699916844669
1.5870421747355221
1.5874814261365562
1.5878850382928882
1.5882504597540197
1.5885753152132425
1.5888574245820388
1.5890948209842353
1.5892857675211658
1.5894287726665917
1.5895226041587434
1.5895663012665657
1.5895591853179614
1.5895008683894944
1.5893912600695301
1.589230572220077
1.589019321676551
1.5887583308392141
1.5884487261250355
1.588091934264063
1.5876896764399964
1.587243960290361
1.5867570697974072
1.5862315531164826
1.5856702084040095
1.585076067722254
1.584452379112663
1.5838025869435748
1.5831303106514583
1.5824393220074162
1.5817335210523857
1.5810169108552092
1.5802935712574395
1.5795676317773013
1.5788432438526092
1.5781245526085512
1.5774156683410654
1.576720637910001
1.576043416238347
1.5753878381145079
1.5747575904938835
1.5741561854938928
1.573586934273051
1.5730529219798137
1.572556983950639
1.5721016833291708
1.5716892902696171
1.5713217628773868
1.5710007300288966
1.5707274762002619
1.5705029284214098
1.5703276454581128
1.5702018093096062
1.5701252190939612
1.5700972873773134
1.5701170389865322
1.5701831123280703
1.5702937632186569
1.5704468712163528
1.5706399484233453
1.5708701507148877
1.5711342913320832
1.5714288567598933
1.5717500247959477
1.5720936847005433
1.572455459303763
1.5728307289320176
1.573214657003619
1.57360221713131
1.573988221559108
1.5743673507514135
1.5747341839441897
1.575083230461158
1.575408961592461
1.575705842829129
1.575968366243989
1.5761910828083958
1.5763686344343557
1.5764957855332287
1.5765674538852608
1.5765787406186547
1.5765249591027246
1.57640166256685
1.576204670265389
1.5759300920183794
1.5755743509686735
1.5751342044080354
1.5746067625376161
1.5739895050419808
1.5732802953704441
1.5724773926347284
1.5715794610478149
1.5705855768451864
1.5694952326463518
1.568308339231476
1.5670252247250047
1.5656466311952406
1.564173708695792
1.5626080067915498
1.56095146362824
1.5592063926205475
1.5573754668491786
1.5554617012719552
1.553468432867982
1.5513992988470293
1.5492582130684311
1.5470493408249335
1.5447770721569785
1.5424459938717938
1.5400608604493455
1.5376265640236322
1.5351481036329366
1.5326305539364622
1.5300790335972585
1.5274986735324707
1.5248945852317322
1.522271829342968
1.5196353847220154
1.5169901181383116
1.5143407548235042
1.5116918500432324
1.5090477618645834
1.5064126252828844
1.5037903278616434
1.5011844870286515
1.4985984291596086
1.4960351705681987
1.4934974005084338
1.4909874662813873
1.4885073605242478
1.4860587107450551
1.4836427711516205
1.4812604168080947
1.478912140137536
1.4765980497737397
1.474317871750636
1.4720709530028342
1.4698562671364865
1.4676724224156712
1.4655176718960186
1.4633899256244352
1.4612867648115841
1.4592054578723355
1.4571429782187737
1.4550960236806088
1.4530610374190258
1.4510342301921866
1.4490116038237935
1.4469889757203822
1.4449620042783422
1.442926215018095
1.4408770272803955
1.4388097813183596
1.4367197656185635
1.4346022442853743
1.4324524843245574
1.430265782665119
1.428037492762245
1.425763050629061
1.4234380001507019
1.4210580175407856
1.418618934807799
1.4161167621070188
1.4135477088623887
1.4109082035521412
1.408194912061836
1.405404754518816
1.402534920532752
1.399582882777914
1.3965464088639568
1.3934235714532892
1.3902127565944105
1.3869126702518817
1.383522343024767
1.3800411330563642
1.3764687271487772
1.372805140106285
1.3690507123414914
1.3652061057878153
1.3612722981709686
1.3572505757006021
1.353142524251248
1.3489500191090051
1.3446752133670672
1.3403205250591608
1.335888623125214
1.331382412308105
1.3268050170841266
1.322159764732858
1.317450167654437
1.312679905043804
1.307852804032342
1.302972820407483
1.2980440190203195
1.2930705539900633
1.2880566488123781
1.2830065764761986
1.277924639690681
1.2728151513204464
1.2676824151233257
1.2625307068804232
1.2573642560035632
1.2521872277000734
1.2470037057694878
1.241817676101123
1.2366330109356856
1.2314534539481172
1.2262826062028558
1.221123913026605
1.2159806518376295
1.2108559209645542
1.2057526294816876
1.2006734880820578
1.1956210010036676
1.1905974590189818
1.1856049334923797
1.180645271505269
1.1757200920437834
1.170830783239482
1.1659785006492789
1.1611641665569226
1.1563884702747724
1.1516518694213456
1.1469545921471616
1.142296640278778
1.1376777933485809
1.13309761347587
1.1285554510630402
1.1240504512691982
1.1195815612223463
1.1151475379303057
1.1107469568498067
1.1063782210726345
1.1020395710873547
1.097729095074943
1.0934447396965683
1.0891843213318244
1.0849455377258361
1.0807259800038644
1.0765231450122859
1.0723344479450936
1.068157235215355
1.0639887975313373
1.0598263831372732
1.0556672111789576
1.0515084851545509
1.0473474064110877
1.0431811876472639
1.0390070663830804
1.0348223183568748
1.0306242708101603
1.0264103156205273
1.0221779222426541
1.017924650417223
1.0136481626072678
1.0093462361211891
1.005016774881401
1.0006578207973045
0.996267564701075
0.9918443568045887
0.9873867166357423
0.9828933424124531
0.9783631198127826
0.9737951300999395
0.9691886575613958
0.9645431962220292
0.9598584557920908
0.9551343668119283
0.9503710849567684
0.945568994466515
0.9407287106674513
0.9358510815549623
0.9309371884089324
0.92598834541632
0.9210060982785775
0.9159922217850647
0.9109487163374057
0.9058778034138402
0.9007819199670248
0.8956637117534325
0.8905260255974484
0.8853719005984718
0.8802045582947584
0.8750273918033612
0.8698439539613201
0.8646579444991693
0.859473196283849
0.8542936606741768
0.849123392038122
0.8439665314871766
0.8388272898890958
0.8337099302261382
0.828618749371613
0.8235580593630112
0.8185321682551869
0.8135453606419327
0.808601877938804
0.8037058985241423
0.7988615178388879
0.7940727285489071
0.7893434008761542
0.7846772632069995
0.7800778830874496
0.7755486487157351
0.7710927510428114
0.7667131665906927
0.7624126410971964
0.7581936740936004
0.754058504518903
0.7500090974708236
0.7460471321893838
0.7421739913638904
0.7383907518483945
0.7346981768642674
0.7310967097614215
0.7275864694019555
0.72416724722165
0.7208385060158242
0.7175993804866387
0.714448679579039
0.7113848906222433
0.7084061852830437
0.7055104273262777
0.702695182166712
0.6999577281853221
0.6972950697716412
0.6947039520425519
0.6921808771766884
0.6897221222925929
0.6873237587879847
0.6849816730470645
0.6826915884127379
0.6804490883111016
0.6782496404065506
0.6760886216575231
0.6739613441352574
0.6718630814610626
0.6697890957115683
0.6677346646362647
0.6656951090274259
0.6636658200792801
0.6616422865710744
0.6596201217075212
0.6575950894500288
0.6555631301731284
0.6535203854826216
0.6514632220351916
0.64938825420354
0.6472923654365128
0.6451727281701508
0.6430268221530979
0.6408524510583042
0.6386477572624087
0.6364112346845396
0.6341417395874595
0.631838499255947
0.6295011184799748
0.6271295837835261
0.6247242653537264
0.6222859166392376
0.6198156716015006
0.6173150396173065
0.6147858980462317
0.6122304824915931
0.6096513747986475
0.6070514888486918
0.6044340542223883
0.6018025978199681
0.5991609235398236
0.5965130901303131
0.5938633873422573
0.59121631052152
0.5885765337921401
0.5859488819906513
0.5833383015213871
0.5807498303106768
0.5781885670448107
0.5756596398824388
0.5731681748366259
0.5707192640250573
0.5683179339888682
0.5659691142812046
0.5636776065259295
0.5614480541448356
0.5592849129483376
0.5571924227799028
0.5551745803984585
0.5532351137757311
0.5513774579769588
0.5496047327837357
0.5479197222069494
0.5463248560259323
0.544822193477139
0.543413409201971
0.5420997815488866
0.5408821833097514
0.5397610749546122
0.5387365004128148
0.5378080854317443
0.5369750385275686
0.5362361545253148
0.5355898206685296
0.535034025261786
0.5345663687925207
0.5341840774622234
0.5338840190409885
0.5336627209439719
0.5335163904134925
0.533440936676482
0.5334319949338144
0.5334849520258345
0.5335949736072354
0.5337570326543999
0.5339659391194707
0.5342163705378392
0.5345029033894729
0.5348200450095992
0.5351622658407565
0.5355240318161408
0.5358998366635296
0.5362842339198665
0.5366718684488289
0.5370575072573648
0.5374360694122472
0.5378026548641215
0.5381525719942669
0.5384813637082986
0.5387848319112487
0.5390590602097972
0.5393004346998074
0.53950566271066
0.5396717893920859
0.5397962120441615
0.5398766921067546
0.539911364740874
0.5398987459509682
0.5398377372141279
0.539727627599236
0.5395680933762763
0.5393591951331163
0.5391013724340131
0.5387954360707291
0.5384425579733607
0.538044258863682
0.5376023937488521
0.5371191353676448
0.5365969557148178
0.5360386057817591
0.5354470936630391
0.5348256611888835
0.5341777592527887
0.533507022011468
0.532817240140993
0.5321123333383255
0.5313963222614095
0.5306733001035561
0.5299474039990258
0.5292227864564654
0.5285035870152048
0.5277939043163972
0.5270977687765857
0.5264191160455839
0.5257617614235744
0.5251293754041403
0.5245254605006068
0.5239533295026585
0.5234160852987904
0.5229166023878444
0.5224575101897692
0.5220411782519127
0.5216697034327377
0.5213448991299301
0.5210682866045776
0.520841088437536
0.5206642241384003
0.5205383079117619
0.5204636485697919
0.5204402515647516
0.5204678230999136
0.5205457762626845
0.5206732391095734
0.520849064619135
0.5210718424162475
0.5213399121591377
0.5216513784695413
0.5220041272763436
0.5223958434340716
0.5228240294697543
0.5232860253049831
0.5237790287945451
0.5243001169187816
0.5248462674638908
0.5254143810227336
0.5260013031483443
0.5266038464932676
0.5272188127700356
0.5278430143715295
0.5284732954946155
0.5291065526162412
0.529739754178096
0.530369959343895
0.5309943357022827
0.5316101757981928
0.532214912386151
0.532806132310395
0.533381588928698
0.5339392130093348
0.5344771220436071
0.5349936279296558
0.5354872429968066
0.5359566843533344
0.5364008765541594
0.5368189525985152
0.5372102532809376
0.5375743249319057
0.5379109155970372
0.5382199697157796
0.5385016213719706
0.5387561861993695
0.5389841520352063
0.5391861684238811
0.5393630350811067
0.5395156894359615
0.5396451933744532
0.5397527193132488
0.5398395357361635
0.5399069923287985
0.5399565048483573
0.5399895398661491
0.5400075995196038
0.5400122064087975
0.5400048887695302
0.5399871660509514
0.5399605350206295
0.5399264565138497
0.5398863429368728
0.5398415466259417
0.5397933491550707
0.5397429516761548
0.5396914663647946
0.5396399090345178
0.5395891929708949
0.5395401240254888
0.5394933969977361
0.5394495933208528
0.5394091800557633
0.539372510185002
0.5393398241866081
0.539311252856344
0.5392868213352074
0.5392664542882737
0.5392499821704894
0.5392371485052357
0.539227618092357
0.5392209860540012
0.5392167876191031
0.5392145085407222
0.5392135960347847
0.5392134701241207
0.5392135352680614
0.5392131921553179
0.539211849536401
0.5392089359714909
0.5392039113704199
0.5391962782032864
0.5391855922631602
0.5391714728663408
0.5391536123806608
0.5391317849783411
0.539105854516855
0.5390757814590851
0.5390416287526963
0.5390035665980235
0.5389618760438102
0.5389169513607487
0.5388693011538693
0.5388195481863192
0.5387684278988583
0.5387167856213869
0.5386655724848934
0.5386158400542862
0.5385687337145314
0.5385254848542683
0.5384874019025073
0.5384558602850398
0.5384322913777059
0.5384181705435857
0.5384150043504135
0.5384243170729847
0.5384476365929518
0.5384864798151271
0.5385423377251556
0.5386166602181479
0.5387108408315163
0.5388262015178059
0.5389639775947284
0.5391253030098663
0.5393111960566179
0.5395225456758894
0.5397600984748294
0.5400244465895538
0.540316016513359
0.5406350590054031
0.5409816401872984
0.5413556339265536
0.5417567155963979
0.5421843572912827
0.5426378245663601
0.5431161747575788
0.5436182569267887
0.5441427134635214
0.5446879833619936
0.5452523071784854
0.545833733660666
0.546430128026798
0.5470391818591401
0.5476584245624156
0.5482852363250088
0.548916862507718
0.5495504293725245
0.5501829610520406
0.5508113976491682
0.5514326143461361
0.552043441392558
0.552640684833568
0.5532211478315012
0.5537816524280718
0.5543190615886131
0.5548303013657405
0.5553123830168075
0.5557624249077964
0.5561776740358246
0.556555527003281
0.5568935502787244
0.5571894995830851
0.557441338244378
0.5576472543700501
0.5578056766931921
0.5579152889571195
0.5579750427121921
0.5579841684091513
0.5579421846846214
0.5578489057466792
0.5577044467814454
0.5575092273154064
0.5572639724825366
0.5569697121601426
0.5566277779526079
0.5562397980177329
0.5558076897460621
0.5553336503193204
0.5548201451897482
0.5542698945375992
0.5536858577792344
0.553071216213
0.5524293539042927
0.551763836924795
0.5510783910736993
0.5503768782207278
0.5496632714218115
0.5489416289683221
0.5482160675396813
0.5474907346369297
0.5467697804813574
0.5460573295675348
0.5453574520639783
0.5446741352572197
0.5440112552361881
0.5433725490135459
0.5427615872789459
0.5421817479760929
0.541636190891032
0.5411278334332534
0.5406593277840601
0.5402330395782176
0.5398510282752641
0.5395150293660647
0.539226438548314
0.5389862979918274
0.5387952848006762
0.5386537017646361
0.5385614704771217
0.5385181268808786
0.5385228192863258
0.5385743088906756
0.5386709728089563
0.5388108096109157
0.5389914473406338
0.5392101539786333
0.5394638502894693
0.5397491249813295
0.5400622520881921
0.5403992104696942
0.5407557053091602
0.5411271914763388
0.5415088986083925
0.5418958577506725
0.5422829293878765
0.5426648326864053
0.5430361757601794
0.5433914867649023
0.5437252456198236
0.5440319161514929
0.5443059784508506
0.5445419612332795
0.5447344739909682
0.5448782387281035
0.5449681210720121
0.5449991605573896
0.5449665998861569
0.5448659129722325
0.5446928315885566
0.544443370442988
0.5441138505201516
0.5437009205378727
0.5432015763794018
0.5426131783761349
0.5419334663298574
0.5411605721785978
0.5402930302258534
0.5393297848691413
0.5382701957804157
0.5371140405077619
0.5358615144848139
0.5345132284514216
0.5330702033061048
0.5315338624276499
0.5299060215197208
0.5281888760484529
0.5263849863585711
0.5244972605685112
0.5225289353592317
0.5204835547847835
0.5183649472451718
0.5161772007735147
0.5139246367999031
0.5116117825636316
0.5092433423535444
0.506824167763066
0.5043592271520403
0.5018535745117337
0.4993123179322665
0.49674058787329
0.49414350543894586
0.49152615085701146
0.4888935323596908
0.4862505556597629
0.48360199421079303
0.48095246043388895
0.47830637808609155
0.47566795593699357
0.4730411629106409
0.47042970483926777
0.4678370029640254
0.4652661743056715
0.4627200140152828
0.46020097980153163
0.4577111785170253
0.45525235497174593
0.4528258830268503
0.4504327590070977
0.44807359745507275
0.445748629235262
0.4434577019810359
0.4412002828627729
0.43897546364084755
0.4367819679530815
0.4346181607726123
0.43248205995906547
0.43037134981349434
0.4282833965358608
0.42621526547293687
0.4241637400344764
0.4221253421463944
0.4200963541015495
0.41807284166159353
0.4160506782572683
0.4140255701295165
0.41199308224985465
0.4099486648556375
0.40788768043413287
0.40580543098871347
0.4036971854209521
0.401558206863951
0.39938377980482453
0.39716923683784955
0.39490998489435797
0.392601530800928
0.3902395060237784
0.3878196904644267
0.3853380351795786
0.3827906839067974
0.3801739932866993
0.3774845516821489
0.37471919650512064
0.3718750299724674
0.36894943322271273
0.3659400787370879
0.3628449410192806
0.3596623054996758
0.35639077564117005
0.353029278234854
0.3495770668849087
0.34603372369287955
0.3423991591620101
0.33867361035246857
0.33485763732803014
0.3309521179440229
0.32695824103506255
0.3228774980692397
0.3187116733429446
0.31446283279738396
0.3101333115440329
0.30572570019174655
0.30124283007301844
0.2966877574708964
0.29206374695135345
0.2873742539084544
0.28262290643146554
0.27781348660413785
0.2729499113467624
0.26803621291127855
0.26307651913872826
0.25807503358672723
0.2530360156323963
0.24796376065340192
0.24286258038642972
0.23773678355860672
0.23259065688313396
0.22742844650574373
0.22225433998359842
0.21707244887295057
0.21188679199633514
0.20670127945431443
0.2015196974408905
0.1963456939156898
0.19118276517995428
0.18603424339728808
0.18090328509405398
0.17579286066832767
0.17070574493044005
0.1656445086924051
0.16061151141797356
0.1556088949397035
0.15063857824432098
0.14570225332278186
0.1408013820768596
0.13593719426978618
0.1311106865044793
0.1263226222092058
0.12157353260716286
0.11686371864340958
0.11219325383984549
0.10756198804651029
0.1029695520553572
0.09841536304082453
0.09389863078998091
0.08941836468373449
0.08497338138955851
0.08056231322537526
0.07618361715363783
0.07183558436423297
0.06751635040457583
0.06322390581515773
0.05895610722881632
0.05471068889210362
0.05048527456730789
0.04627738977392003
0.04208447432860351
0.03790389514301128
0.03373295923907495
0.029568926941657435
0.025409025208695903
0.021250461059156008
0.0170904350592638
0.012926154827570212
0.00875484851943234
0.0045737782514638494
0.0003802534264153662
-0.0038283560812015305
-0.008054606918629682
-0.01230096946764123
-0.01656981531695875
-0.020863405034992146
-0.025183876283844536
-0.02953323231580774
-0.03391333089380075
-0.03832587367738222
-0.04277239611607001
-0.04725425789170466
-0.0517726339514779
-0.05632850617298803
-0.06092265570226013
-0.06555565600505774
-0.07022786667099233
-0.07493942800888875
-0.0796902564705679
-0.08448004093864725
-0.08930823991211831
-0.09417407962132651
-0.09907655310154112
-0.10401442025155475
-0.10898620890068751
-0.11399021690418927
-0.11902451528333596
-0.12408695242250813
-0.12917515933122958
-0.1342865559745448
-0.13941835867023947
-0.14456758854628093
-0.1497310810464952
-0.1549054964669323
-0.16008733149963103
-0.1652729317546118
-0.1704585052249354
-0.17564013665360886
-0.18081380275503325
-0.1859753882376215
-0.19112070256820513
-0.19624549741295144
-0.2013454846837688
-0.2064163551136393
-0.2114537972790332
-0.21645351698257753
-0.2214112569045178
-0.2263228164272804
-0.23118407153365195
-0.23599099467579174
-0.24073967450952244
-0.24542633538614347
