0.0
0.0
-5.980260359547348e-7
-1.7822591653705403e-6
-3.529185474621772e-6
-5.803842915269664e-6
-8.560188801779762e-6
-1.1741584688350763e-5
-1.528139429129091e-5
-1.9103689108356054e-5
-2.3124055416206506e-5
-2.7250495409792943e-5
-3.138441439076287e-5
-3.542168512311406e-5
-3.925377975998252e-5
-4.2768959111711006e-5
-4.585350847761398e-5
-4.839300880685001e-5
-5.027363159151262e-5
-5.1383445630661305e-5
-5.1613723639944816e-5
-5.086023661931242e-5
-4.902452393182472e-5
-4.6015127189686564e-5
-4.1748776288413665e-5
-3.615151627476316e-5
-2.9159764176136503e-5
-2.0721285455234236e-5
-1.0796080379662319e-5
6.428286929235204e-7
1.3608717323283598e-5
2.8100593638419582e-5
4.410275403483485e-5
6.15844653647663e-5
8.049977799343317e-5
0.00010078747303324617
0.00012237114594492327
0.00014515942755457623
0.000169046342379304
0.0001939118029910507
0.00021962223798892364
0.0002460313500033025
0.000272980999030297
0.0003003022053016901
0.0003278162648424588
0.0003553359698640374
0.0003826669251950424
0.000409608951070158
0.0004359575617897143
0.0004615055090340716
0.00048604437797450584
0.0005093662237714865
0.0005312652355969284
0.0005515394149633297
0.0005699922548930201
0.0005864344063175841
0.0006006853180625809
0.0006125748368468017
0.0006219447539084807
0.0006286502851622103
0.0006325614721880732
0.00063356449185611
0.0006315628629912611
0.0006264785391821447
0.0006182528776264555
0.0006068474747806709
0.0005922448605356832
0.0005744490436659009
0.000553485902389591
0.0005294034150245888
0.0005022717269173114
0.00047218305105522205
0.0004392514010340897
0.0004036121563319225
0.00036542146113148
0.0003248554592228238
0.00028210936879646543
0.00023739640219637388
0.00019094653693058333
0.00014300514542577898
9.38314921516838e-5
4.3697107822318435e-5
-7.115948604320022e-6
-5.8316928467021645e-5
-0.00010960831996426586
-0.0001606878494531649
-0.00021125054352621274
-0.0002609908373366821
-0.00030960471417862433
-0.0003567918609725815
-0.00040225782406650914
-0.0004457161496353581
-0.0004868904929537389
-0.0005255166809246572
-0.0005613447124731501
-0.0005941406817555458
-0.0006236886095909299
-0.0006497921690882467
-0.0006722762921164897
-0.0006909886440419937
-0.0007058009550305154
-0.0007166101971764017
-0.0007233395977698226
-0.0007259394801382714
-0.0007243879246921837
-0.0007186912440579554
-0.0007088842674857268
-0.0006950304310645314
-0.000677221671653936
-0.0006555781238390278
-0.0006302476206242538
-0.0006014049999908185
-0.0005692512208416899
-0.0005340122932374207
-0.0004959380291747404
-0.00045530062146823317
-0.00041239305955366353
-0.000367527392230309
-0.0003210328484900743
-0.0002732538286347898
-0.00022454777885205966
-0.00017528296329709608
-0.00012583614850658007
-7.659021564488537e-5
-2.7931716647916555e-5
1.975160921892926e-5
6.607334153799708e-5
0.0001106508905866146
0.00015310799769598885
0.00019307720699239804
0.00023020229154235343
0.0002641406171954884
0.00029456542781017487
0.00032116803605450415
0.0003436599045956863
0.0003617746032196773
0.0003752696282546987
0.00038392807160129083
0.0003875601276909403
0.00038600442779779855
0.00037912919230561704
0.0003668331927762675
0.00034904651696813935
0.0003257311313029222
0.0002968812366680898
0.0002625234148598058
0.00022271656440681428
0.00017755162595985355
0.00012715109887292524
7.166835203205305e-5
1.1286733393808357e-5
-5.378151593014167e-5
-0.00012329653587462292
-0.0001969923014610531
-0.0002745782470094395
-0.00035574104970601965
-0.000440146560637995
-0.0005274418704192951
-0.0006172574956353647
-0.0007092096715366992
-0.0008029027357156437
-0.0008979315869134283
-0.0009938842026283674
-0.0010903441988345892
-0.0011868934148757577
-0.0012831145064713101
-0.0013785935297641987
-0.0014729224994486116
-0.0015657019042423826
-0.0016565431633097046
-0.0017450710076924122
-0.0018309257713688175
-0.0019137655772233802
-0.001993268403973204
-0.0020691340209525993
-0.002141085778598226
-0.0022088722434975643
-0.0022722686679550004
-0.002331078285184616
-0.00238513342244831
-0.0024342964257133273
-0.0024784603906955163
-0.0025175496964743734
-0.0025515203392036698
-0.0025803600647877176
-0.0026040883007385635
-0.002622755888764166
-0.0026364446209526343
-0.0026452665837037523
-0.0026493633148075126
-0.0026489047802717293
-0.0026440881786489205
-0.002635136581698945
-0.0026222974212411912
-0.002605840832991937
-0.0025860578690428183
-0.0025632585914098856
-0.0025377700597648163
-0.002509934227046542
-0.0024801057571396303
-0.002448649779192749
-0.002415939593434681
-0.0023823543435257245
-0.0023482766705586605
-0.0023140903637963333
-0.0022801780231035992
-0.002246918747801892
-0.0022146858663477137
-0.0021838447208153023
-0.0021547505196526416
-0.0021277462715834495
-0.002103160812851042
-0.0020813069392487202
-0.0020624796535617697
-0.0020469545381648943
-0.0020349862615829345
-0.0020268072268392937
-0.0020226263683931853
-0.0020226281034113397
-0.002026971442040038
-0.002035789260247194
-0.002049187737699659
-0.0020672459620358435
-0.0020900156997959497
-0.002117521333189194
-0.0021497599608167953
-0.0021867016594383283
-0.0022282899028740954
-0.002274442133183931
-0.002325050478359287
-0.0023799826099161732
-0.0024390827329866184
-0.0025021727007803057
-0.002569053244629976
-0.0026395053102475064
-0.0027132914903051073
-0.0027901575430201255
-0.0028698339860641006
-0.0029520377548380838
-0.0030364739139571674
-0.003122837410667568
-0.003210814858878648
-0.0033000863425286524
-0.00339032722711474
-0.0034812099684027433
-0.0035724059075869902
-0.0036635870424921676
-0.0037544277647936805
-0.0038446065536761167
-0.003933807616846627
-0.004021722470366426
-0.004108051449354019
-0.004192505142242818
-0.004274805741937923
-0.004354688307906408
-0.004431901933946614
-0.004506210817109026
-0.004577395223978426
-0.004645252351268568
-0.004709597078420947
-0.004770262610632895
-0.004827101011462035
-0.004879983624858999
-0.0049288013871635365
-0.004973465030256262
-0.005013905177685235
-0.005050072336179549
-0.005081936785517762
-0.005109488370234458
-0.005132736197120772
-0.005151708242902459
-0.0051664508768601534
-0.005177028303489758
-0.0051835219305855955
-0.005186029668364693
-0.005184665165437422
-0.005179556987568257
-0.005170847745261397
-0.00515869317625093
-0.005143261188975502
-0.005124730873075292
-0.005103291482866682
-0.005079141399629907
-0.005052487078390128
-0.005023541984685691
-0.00499252552660219
-0.004959661987110596
-0.004925179461485739
-0.0048893088043013315
-0.00485228259020312
-0.004814334092356256
-0.004775696282150094
-0.004736600853426933
-0.0046972772741839895
-0.004657951868383477
-0.004618846930197037
-0.00458017987271091
-0.004542162412829715
-0.004504999793841997
-0.004468890046851943
-0.00443402329204067
-0.004400581080498953
-0.00436873577717228
-0.004338649985279817
-0.004310476012411724
-0.004284355378374736
-0.004260418364743875
-0.004238783605988381
-0.0042195577219717876
-0.00420283499157861
-0.004188697067192207
-0.004177212729738589
-0.004168437684017593
-0.004162414394064092
-0.004159171958315613
-0.004158726024406806
-0.004161078743463149
-0.00416621876382374
-0.004174121264183447
-0.00418474802620553
-0.004198047546714499
-0.00421395518963299
-0.004232393377873242
-0.004253271825431032
-0.004276487809955353
-0.004301926486078667
-0.004329461239788166
-0.004358954084096513
-0.004390256096229475
-0.004423207896486363
-0.004457640168846396
-0.004493374223289226
-0.004530222599670465
-0.004567989712843129
-0.004606472538543608
-0.004645461339366597
-0.004684740429938339
-0.004724088980162525
-0.004763281855159982
-0.004802090490253347
-0.004840283799063629
-0.00487762911248899
-0.004913893146029942
-0.004948842992612305
-0.004982247137742527
-0.005013876493512803
-0.005043505447658924
-0.005070912923565567
-0.0050958834468152765
-0.00511820821359228
-0.005137686155984132
-0.005154124998976572
-0.00516734230371342
-0.005177166491397239
-0.005183437842041162
-0.005186009462150786
-0.005184748215320355
-0.005179535609672168
-0.005170268636054706
-0.005156860550945484
-0.005139241598080776
-0.005117359662957662
-0.0050911808545252065
-0.005060690008601736
-0.005025891107824295
-0.004986807613254218
-0.004943482703128758
-0.004895979414661703
-0.004844380685254423
-0.0047887892899808335
-0.004729327672752891
-0.004666137669154709
-0.00459938011954987
-0.004529234371714457
-0.004455897672923711
-0.004379584452118692
-0.004300525493496253
-0.004218967003596085
-0.004135169574697391
-0.004049407048079484
-0.003961965281439751
-0.0038731408254933583
-0.003783239515495874
-0.0036925749841271115
-0.00360146710284593
-0.003510240359465956
-0.0034192221803054836
-0.0033287412058257888
-0.003239125529185526
-0.0031507009075997378
-0.003063788956795671
-0.0029787053391996648
-0.0028957579567659496
-0.0028152451595656815
-0.0027374539813899115
-0.002662658413680822
-0.002591117729089422
-0.0025230748658634466
-0.0024587548840955026
-0.0023983635046081904
-0.002342085740920249
-0.002290084634326526
-0.0022425001016362876
-0.002199447904551046
-0.0021610187490274046
-0.0021272775222656646
-0.0020982626741948888
-0.0020739857494942427
-0.0020544310753035744
-0.0020395556088388224
-0.0020292889481458238
-0.0020235335082057315
-0.002022164863553269
-0.002025032257492436
-0.0020319592769004182
-0.0020427446905068427
-0.0020571634474299575
-0.0020749678316516226
-0.0020958887670271585
-0.0021196372663620246
-0.002145906017052887
-0.0021743710947936925
-0.0022046937958954634
-0.0022365225778690602
-0.0022694950970802144
-0.0023032403315124336
-0.0023373807759722565
-0.0023715346964486733
-0.002405318429799688
-0.0024383487144888105
-0.0024702450377369276
-0.0025006319841941573
-0.0025291415710748046
-0.0025554155546387036
-0.0025791076929455106
-0.002599885949955739
-0.0026174346263034766
-0.002631456402420112
-0.002641674280144499
-0.002647833409510597
-0.0026497027880557104
-0.0026470768207373357
-0.0026397767293798546
-0.0026276518014887776
-0.0026105804692642016
-0.0025884712107102116
-0.002561263265866186
-0.0025289271623718966
-0.00249146504581299
-0.002448910811568543
-0.0024013300361891764
-0.0023488197076636844
-0.002291507755275076
-0.0022295523810938597
-0.0021631411964979203
-0.002092490168434811
-0.0020178423814443255
-0.0019394666227273722
-0.0018576557987723184
-0.0017727251932231369
-0.0016850105767862887
-0.001594866181017063
-0.0015026625487933242
-0.0014087842751679945
-0.001313627653084456
-0.0012175982391353056
-0.0011211083551391126
-0.0010245745417973562
-0.0009284149810705629
-0.0008330469041756976
-0.0007388840022537079
-0.0006463338567852681
-0.0005557954067435365
-0.00046765646926531015
-0.00038229133029736275
-0.0003000584212348881
-0.00022129809701657143
-0.00014633053047942714
-7.545373701055692e-5
-8.94174266751964e-6
5.2957092020042195e-5
0.00011002158140094679
0.0001620590471644583
0.0002089064650707885
0.00025043141836855894
0.000286532851633764
0.00031714162012628605
0.00034222083115732993
0.00036176597538432187
0.0003758048473887508
0.0003843972563368291
0.00038763452896240283
0.0003856388085359317
0.00037856215488236766
0.000366585451874341
0.00034991713014540226
0.0003287917140316795
0.0003034682029500869
0.0002742282985485235
0.000241374490010185
0.00020522801085265277
0.0001661266814258978
0.0001244226520755394
8.048006259314447e-5
3.467263411934606e-5
-1.2618789905779864e-5
-6.1008736840355945e-5
-0.00011010961489189501
-0.00015953422295965515
-0.00020889824316006715
-0.00025782269910314034
-0.00030593636328404546
-0.000352878097368368
-0.0003982991096786597
-0.00044186511482988567
-0.00048325838120734133
-0.000522179652826997
-0.0005583499330586788
-0.0005915121187199734
-0.0006214324741555949
-0.0006479019360949086
-0.0006707372413206167
-0.0006897818704750395
-0.0007049068026673898
-0.0007160110769160034
-0.0007230221578535209
-0.0007258961045302042
-0.0007246175425605277
-0.0007191994412605096
-0.0007096826988076386
-0.0006961355398115333
-0.0006786527310017136
-0.0006573546220094377
-0.0006323860194342164
-0.0006039149035335347
-0.0005721309979482288
-0.0005372442038681254
-0.0004994829109458995
-0.00045909219807522585
-0.00041633193785652273
-0.0003714748191750307
-0.0003248043028075393
-0.0002766125253525455
-0.00022719816704160515
-0.00017686429913563582
-0.0001259162266383479
-7.46593419700814e-5
-2.3397005040320293e-5
2.7571535161927466e-5
7.795316277093247e-5
0.00012746284688890732
0.00017582550956166912
0.00022277779711242474
0.0002680697428902118
0.0003114663104036667
0.0003527488068022542
0.00039171615772799816
0.0004281860356826069
0.0004619958352288596
0.0004930034895619386
0.0005210881242365299
0.0005461505451091846
0.0005681135588427533
0.0005869221256106503
0.0006025433449233506
0.0006149662767679319
0.0006242016014939532
0.0006302811230860041
0.0006332571216256893
0.0006332015618548365
0.0006302051657989752
0.0006243763583877997
0.0006158400959101308
0.0006047365879581989
0.0005912199242439213
0.0005754566183030098
0.0005576240806367375
0.0005379090342723629
0.0005165058860486692
0.0004936150671508422
0.0004694413565278068
0.00044419220082489604
0.0004180760443558834
0.00039130068242242746
0.00036407165096809653
0.00033659066513148277
0.0003090541187423476
0.00028165165619093227
0.00025456482739888875
0.0002279658358368094
0.00020201638867473125
0.00017686665722555
0.00015265435485477182
0.00012950393849169765
0.00010752593879560949
8.681642291474639e-5
6.745659263501348e-5
4.951251955882554e-5
3.303501779170095e-5
1.8059653454679992e-5
4.606889193763071e-6
-7.317639267349835e-6
-1.7722718578796046e-5
-2.6631030321931983e-5
-3.4078506779774234e-5
-4.0113576976971436e-5
-4.479631093105745e-5
-4.8197470871005164e-5
-5.039747891591247e-5
-5.14853113601985e-5
-5.1557330276865096e-5
-5.0716063622801574e-5
-4.906894540615459e-5
-4.672702775263953e-5
-4.3803676883302725e-5
-4.041326508949088e-5
-3.666987076128608e-5
-3.268599839393086e-5
-2.8571330264103105e-5
-2.4431521136480232e-5
-2.036704693380215e-5
-1.6472117784326123e-5
-1.2833665253674294e-5
-9.530412878777303e-6
-6.632038355793536e-6
-4.1984348980177645e-6
-2.279078380952458e-6
-9.125059374317606e-7
-1.259106640286154e-7
6.514394070016769e-8
-3.4311274347162477e-7
-1.3426189168889036e-6
-2.913564910094192e-6
-5.0246010709936925e-6
-7.633167133464986e-6
-1.0685940126171105e-5
-1.4119396819366029e-5
-1.786048567995655e-5
-2.18274023196773e-5
-2.5930461486168487e-5
-3.0073057769909223e-5
-3.41527063887264e-5
-3.806215467283998e-5
-4.1690554213362556e-5
-4.4924683061500305e-5
-4.765020687933661e-5
-4.975296755022045e-5
-5.112028746090763e-5
-5.1642277471370016e-5
-5.121313649343853e-5
-4.973243060723234e-5
-4.7106339754818144e-5
-4.324886026308719e-5
-3.808295176097577e-5
-3.1541617467540926e-5
-2.356890733395357e-5
-1.4120834120264376e-5
-3.1661931721915316e-6
9.312722571185326e-6
2.3319519967129803e-5
3.884322217530716e-5
5.585791002853006e-5
7.432249299238034e-5
9.418061336842949e-5
0.00011536068628962445
0.00013777607692244784
0.00016132541513790775
0.00018589304675160141
0.00021134961927147383
0.00023755279893996538
0.0002643481147244146
0.00029156992380518354
0.0003190424920441056
0.0003465811818953534
0.00037399373925518765
0.0004010816698443536
0.0004276416948847448
0.00045346727507742377
0.00047835019121863316
0.0005020821692098848
0.000524456536732676
0.0005452698984722586
0.0005643238164917627
0.0005814264821806564
0.000596394366131981
0.000609053832342139
0.0006192427032755049
0.0006268117625931609
0.0006316261827091575
0.0006335668648065643
0.0006325316795160288
0.0006284365971276492
0.0006212166969679234
0.0006108270464218797
0.0005972434410099907
0.0005804629979332675
0.0005605045965705426
0.0005374091605413445
0.0005112397771274308
0.000482081651067027
0.0004500418909888244
0.0004152491280282182
0.00037785296745635795
0.0003380232754433629
0.0002959493043605715
0.0002518386612929635
0.00020591612567206143
0.00015842232314196818
0.00010961226392731176
5.975375507260324e-5
9.125696959166959e-6
-4.198372452991431e-5
-9.327893794218147e-5
-0.00014445896523388656
-0.0001952194660389083
-0.0002452548328699016
-0.00029426032239394576
-0.00034193420753468053
-0.0003879799348749358
-0.00043210827167080516
-0.00047403942674171113
-0.0005135051295721059
-0.0005502506521490261
-0.0005840367583648398
-0.0006146415662343527
-0.0006418623087073149
-0.0006655169794977216
-0.0006854458510957431
-0.000701512852971503
-0.0007136067989162797
-0.0007216424534893915
-0.0007255614286407247
-0.000725332902751632
-0.0007209541555722844
-0.0007124509138225238
-0.0006998775035564454
-0.0006833168067585851
-0.0006628800210316679
-0.0006387062226421676
-0.0006109617346000866
-0.0005798393028529703
-0.0005455570850608753
-0.0005083574577785427
-0.00046850564919331903
-0.0004262882058426138
-0.0003820113029534011
-0.0003359989091994144
-0.0002885908177506475
-0.00024014055648652522
-0.00019101319115119415
-0.0001415830360400217
-9.223128751449997e-5
-4.334359624301395e-5
4.692405447197607e-6
5.148960434976773e-5
9.666391828064478e-5
0.0001398368019593403
0.0001806377297181167
0.00021870663799947832
0.00025369631083601364
0.0002852746918601851
0.0003131271068625764
0.00033695838150204187
0.00035649483946598105
0.0003714861671785917
0.0003817071320536864
0.00038695914228002623
0.00038707163720396663
0.0003819032985287937
0.000371343073774089
0.0003553110047230195
0.0003337588549213159
0.00030667053166929137
0.00027406229935764923
0.0002359827824289022
0.00019251275768874154
0.00014376473713529137
8.988234390858846e-5
3.103948537757639e-5
-3.2560671232641206e-5
-0.00010068691392441918
-0.00017308138367590534
-0.0002494611455686364
-0.00032951992283630993
-0.0004129299822788865
-0.0004993441584708793
-0.0005883980032668887
-0.0006797120462774346
-0.000772894151259568
-0.0008675419527444478
-0.0009632453567121478
-0.0010595890887256508
-0.0011561552726537495
-0.0012525260229479568
-0.0013482860333922926
-0.0014430251453167967
-0.0015363408784548557
-0.0016278409079290808
-0.0017171454712679056
-0.001803889689881805
-0.0018877257900598798
-0.0019683252092795116
-0.0020453805744482497
-0.0021186075396116963
-0.0021877464716570532
-0.002252563973611664
-0.00231285423627145
-0.0023684402100871828
-0.0024191745904783312
-0.002464940611025761
-0.0025056526403065544
-0.002541256579467261
-0.0025717300589764634
-0.0025970824343441398
-0.0026173545819344213
-0.002632618497320642
-0.00264297669992791
-0.002648561448969849
-0.0026495337769040987
-0.0026460823477974156
-0.0026384221490979944
-0.00262679302635266
-0.0026114580713731163
-0.0025927018752423376
-0.002570828658353897
-0.0025461602903887135
-0.0025190342137511677
-0.002489801284506319
-0.0024588235452793795
-0.0024264719448956447
-0.002393124019752549
-0.0023591615520249898
-0.0023249682198107657
-0.002290927254226056
-0.0022574191182630184
-0.002224819221925334
-0.0021934956877660543
-0.0021638071804692175
-0.0021361008135468403
-0.002110710145571127
-0.002087953277633544
-0.002068131062923934
-0.002051525438460478
-0.0020383978880819885
-0.002028988044844911
-0.0020235124399559552
-0.002022163404325222
-0.0020251081277517804
-0.0020324878796618637
-0.002044417394217131
-0.0020609844215046615
-0.002082249445419407
-0.002108245567761348
-0.0021389785570011055
-0.0021744270591264555
-0.0022145429669749818
-0.0022592519434915972
-0.0023084540934299558
-0.002362024777149644
-0.0024198155593516952
-0.0024816552848481396
-0.0025473512727812115
-0.0026166906200980563
-0.0026894416045504187
-0.002765355177028241
-0.0028441665326532557
-0.0029255967497546975
-0.003009354485624853
-0.0030951377178072993
-0.003182635519604797
-0.0032715298585057353
-0.0033614974063160383
-0.0034522113499453385
-0.0035433431920291404
-0.003634564530869485
-0.0037255488095415336
-0.003815973024438422
-0.00390551938400725
-0.003993876908960337
-0.004080742965822833
-0.004165824726295119
-0.004248840545560615
-0.004329521253351076
-0.0044076113522863326
-0.004482870118728112
-0.004555072602122069
-0.004624010519542945
-0.004689493042899077
-0.004751347476988829
-0.004809419827327677
-0.004863575257375449
-0.004913698435483848
-0.004959693772550289
-0.005001485552001045
-0.005039017954330899
-0.005072254978994378
-0.005101180266972191
-0.005125796827822995
-0.0051461266754727715
-0.005162210377390236
-0.005174106522145303
-0.005181891110647857
-0.005185656876615421
-0.00518551254202072
-0.00518158201342396
-0.00517400352520069
-0.005162928735735508
-0.005148521782666209
-0.0051309583032341
-0.005110424425726313
-0.005087115737887601
-0.005061236238034958
-0.005032997274431557
-0.005002616478270043
-0.004970316695382523
-0.004936324921539121
-0.004900871245922257
-0.004864187807073431
-0.004826507765306873
-0.004788064295273522
-0.004749089602042928
-0.004709813963753283
-0.004670464803564083
-0.004631265793335195
-0.004592435991153094
-0.0045541890145326695
-0.004516732250843621
-0.004480266106246421
-0.004444983294175979
-0.004411068164183256
-0.004378696071737421
-0.004348032789404867
-0.004319233959657141
-0.004292444589418099
-0.004267798586341409
-0.004245418336712704
-0.004225414324795725
-0.004207884793387867
-0.004192915445316516
-0.004180579185592224
-0.004170935903936338
-0.0041640322974175106
-0.004159901732961533
-0.004158564149539895
-0.004160025999892208
-0.004164280231693588
-0.0041713063081378725
-0.0041810702679684906
-0.004193524825048483
-0.004208609507616897
-0.004226250837428151
-0.004246362549011548
-0.0042688458493175185
-0.004293589718033398
-0.004320471248852389
-0.004349356031963204
-0.00438009857799301
-0.004412542783581478
-0.004446522438687786
-0.00448186177563465
-0.004518376059773239
-0.004555872221510122
-0.004594149529272107
-0.004633000302797608
-0.004672210665934596
-0.004711561337896418
-0.004750828461679148
-0.004789784468079339
-0.004828198973471061
-0.0048658397092082
-0.004902473480214606
-0.004937867150013627
-0.004971788649132767
-0.005004008003501762
-0.005034298379146698
-0.00506243713917216
-0.005088206908721459
-0.005111396643315215
-0.00513180269569466
-0.005149229876041461
-0.0051634925002142775
-0.00517441542043708
-0.0051818350326987275
-0.00518560025498076
-0.005185573470323625
-0.005181631428673438
-0.005173666101424395
-0.00516158548258824
-0.005145314330583615
-0.005124794844746313
-0.005099987270817359
-0.00507087042987047
-0.005037442165393928
-0.004999719703544312
-0.004957739921940253
-0.004911559522762605
-0.004861255106371573
-0.004806923142139801
-0.004748679833730713
-0.0046866608766210315
-0.004621021106272063
