15.643570593008091
15.537287943308618
15.54012090112429
15.577497635618
15.529089520892697
15.725563820318836
15.729896199370591
15.169165888561967
15.652996754848454
15.663115945547986
15.32124076313385
15.65646003121606
15.287861868306592
15.590206496252714
15.295477432992497
15.157057151543881
15.673955229750494
15.47343992051339
15.485630463521298
15.921498340463804
15.429408566061902
15.549415962988672
15.582510757272646
15.572760728196169
15.345525638466473
15.643759075858789
15.685725030456178
15.437971900840965
15.344781741704713
15.511819703113403
15.671975704597026
15.396501324113887
15.652732267623836
15.517115534460602
15.968479498180503
15.578155089910885
15.605929536200554
15.54756093587878
15.402269255553524
15.511954031238336
15.615881337599872
15.716678088281453
15.619817892853629
16.02930978180294
16.085454467383233
16.052852272558418
16.24084033952179
16.100240780795463
16.25909667015481
16.037195156898736
15.53915161876948
15.882071418553151
15.738049592023474
15.867345735593123
15.997781669976506
15.725012933894034
16.27134418529656
15.898442582812102
15.839810295519252
16.158028254478516
16.060685476127443
16.052276836199685
15.89093245985308
16.182314273430976
16.018539410758557
16.22400690791783
15.915723701349423
15.683575099136554
16.16009229319065
16.137137478395964
16.200544078506844
15.991483388652362
15.985555564678076
16.29327256549227
16.300328786575697
16.24425176463516
16.24487182362626
16.51962375933547
16.531513438341918
16.684538963480165
16.451706043117824
16.89437529977657
16.589875014802647
16.899263005122222
17.19115340249809
16.882108572997097
16.799249605118728
17.179934300794596
17.037262482535088
17.49667686474966
16.62013667647265
16.958322955037104
16.948696272552578
16.785773566930747
16.876714264219817
16.759087651790633
16.754908353735235
16.820490705464206
16.615839059450177
16.696716069639404
16.802510775405704
16.69879829618822
17.17721308882987
16.611120533416916
16.528000351649048
16.898807530483534
16.746402805650064
16.338112789023345
16.69342154250693
16.619867677070946
16.297653450309536
16.635193472105016
16.309752312176077
16.6634482205081
16.49468725078308
16.65959528058962
16.340909731877222
16.549563750465943
16.19872005739405
16.464651347833712
16.275430695193453
16.558888902095344
16.277020752355217
16.549687957641808
16.682424524030683
17.029390861693788
16.709359497941147
16.790507840967425
16.51603996836441
16.902045910195902
16.65367252652772
17.105409600371043
16.96923518852129
17.073111756148187
16.973950868461625
16.707953577244233
17.092523383307825
16.801116353547435
17.341528227292695
16.79059419151648
17.417746476589908
16.90237362852715
17.324323373828943
17.28304737741507
16.980538030576582
17.247712848682376
17.124512967504902
16.928021922293503
17.267663398922725
17.173333940372128
17.021059969481218
17.32491643465933
17.377597538599257
17.325088825663396
16.83548923183891
17.197856784656032
16.982972527185524
17.447850934154843
17.30430436077038
17.356853983503864
17.375446611198544
17.20695220765354
17.186565757099622
17.01836321326697
17.13741462675303
17.247707948979475
17.25104678039908
17.30724282060582
17.263128940911937
17.227875012914055
17.28336665591195
17.77887663729788
17.341919932116493
17.366195998658423
17.565126985566778
17.985507488294456
17.73383987696822
17.529661689825012
17.440264864531528
17.507079698013012
17.858241974958812
17.855210530270522
17.633651020026207
18.397000686143887
17.78939233671237
18.146018998374295
17.937177038005633
18.346392640763327
17.525904604614418
18.150291477344762
18.491986221753777
18.11497443695878
18.37956384054826
18.731289806299408
18.759695487472655
18.934732037169834
19.020382063097898
19.339574871750433
19.370219976223538
19.778084469793363
19.377491306134
19.699605381246517
19.752426855353683
19.717096959092842
19.71148307758686
19.38679641620539
19.81942220818794
19.62365470986094
19.23237802363374
19.62777349539399
19.46394242814016
19.53813451536706
18.992821261010445
19.535392536903156
19.631786781060782
19.387040237019455
19.447674407955144
19.34699454793519
19.92270752898237
19.564055843647477
19.652607983392777
19.82311500528785
19.906605903029465
19.31650234427568
19.21159096968267
19.404022240609706
19.528740926711134
19.577270584506415
19.392977587291085
19.9073741066533
20.131404016172095
19.950228278731768
19.60891252985832
19.863527735570557
19.792810348903398
19.826177469849064
19.613250908465876
19.81284843516722
19.43404470292618
20.008288746791546
19.766440340981497
19.768200431302148
19.7126696397865
20.259746072262537
19.788491464094857
20.08228613886821
19.993589467883428
19.877951326236868
19.67943210573946
20.329766241233116
19.707889411339814
19.78467096585495
19.964474956743345
20.133997127247415
20.235569744848036
19.771503242953333
19.966497217752913
20.284519467410288
20.160019421842318
20.79768365732557
20.413405555936826
20.92081599292942
20.858113507493822
20.655818379058267
20.594489553083015
20.756214134091643
20.954073722482757
20.875095111525315
21.025609769804966
20.8300743098573
20.893706633885373
21.277676964875308
20.98429296340519
21.053864215868735
21.1161129812413
21.450902635719018
21.664854039008283
21.14488065178785
21.689277345040967
21.226976788133257
21.487459836958937
21.549275651618423
21.746488066286812
21.632716365587605
21.395573222360404
21.990206770289845
21.502143235684493
21.6430442432061
21.640055869636328
21.54372618633504
21.470658781789883
22.095313007709827
21.829212460350846
22.04954092344258
21.856719784893162
22.01466125008657
22.5718292343772
21.952722570900463
22.28344746564153
22.10577161991425
22.17349281232175
22.226866767625605
22.42425378167046
22.313783143458558
22.76605418076052
22.52557728843633
22.75694465578001
23.0202014029244
22.754442356344168
22.692506854726066
22.750718984940125
22.793997411673708
23.01905093820817
22.969134519382795
22.592932359772394
22.51539907430339
22.885208145726445
23.24405890782158
22.873471490283276
22.926597115804825
23.389150308031766
23.274972378331967
23.476838747205242
23.176130539305944
23.32601535996075
23.566077978503913
23.18470840605028
23.304422986068918
23.644312397700308
23.186489592662138
23.561012955676233
23.511151828119974
23.63672964532968
23.8292041884294
23.887450946744764
23.70242788113592
23.682693846308503
23.93179651214753
24.42713955473116
23.84723660758189
24.024528390017576
24.183415257829378
23.961119809044806
23.834839909573716
24.266669511320387
24.376666723100772
24.06488921447433
24.63335416607357
24.65728616078366
24.622330251725216
24.453263751983936
24.101282649417826
25.159577481812768
24.808763982189248
24.814388196494882
24.51826387643936
24.842090249387603
24.83318377151538
24.847180190759637
24.50493674956141
25.06027923215008
25.044020365159916
25.041846615461395
25.06930620884158
25.21054699144123
25.216398939355216
24.710783871344994
25.120216644057802
25.726442739043893
24.955248078275318
25.097367729569513
25.672464624336722
25.402189430558185
25.727377523206634
25.63299933184558
25.45056386868962
25.59475034447878
25.635305087092902
25.983421135906127
26.021134130614556
25.58131196197036
25.754564064878515
25.81542646629988
25.703620758375514
26.08395761867359
26.208874274506286
26.16487528606743
25.820952543763866
26.501868679215413
26.460560725882665
26.00164638673052
26.48127758222694
26.138290510118647
26.308120996895006
26.19713244195214
26.317029705645343
26.368549225246923
26.403103292613828
26.706025539031593
26.515222729514228
26.71479040085984
26.700394335734405
26.114028807080647
26.328421625095153
26.45183654865629
26.55286301073851
26.436713837066737
26.769599776734587
26.6087077787083
26.760524697884158
26.70200567824817
26.76894730388086
26.791253814810744
27.117040535924197
26.356004078217136
26.798146792612197
26.91555039263305
27.01149215975226
26.943821287286998
26.677610837045954
27.13866652908579
27.150658034168913
27.223121169709536
27.250106731292355
27.40086124745326
27.291725503926394
27.23012768313366
27.326276620580117
27.061444872270442
27.356628363974856
27.142445694873842
27.152594202091837
27.197377553012487
27.593796258761405
27.008227068322277
27.486785038789748
27.645205084951904
27.87512892895862
27.54597733420189
27.117627332129004
27.761588241992374
27.323317400989456
27.766820584214585
27.328979026293492
27.87232643229593
28.09698570212942
27.633418459536347
27.788529710249712
27.66026063427453
28.085077115630042
27.865541184414177
27.829688345959507
28.15097567968415
27.671820300217956
28.25520391473645
27.75028178116637
27.983832418397608
28.155856903047674
28.028491260133514
28.279327341892152
27.868648561524832
27.98548827078534
28.30411087164853
28.461825965477512
28.53305053595182
28.229775771252452
28.79167424358895
28.47541296819838
28.73517238508138
28.347373114879257
28.893987092936413
28.698291822687768
28.632639753148833
28.281526984602305
28.648585006727895
29.120818270712025
28.944939590129206
29.123704658048226
29.050462817668002
29.5306044724332
28.980810508666416
29.152268121352485
29.127450428930587
29.555509148037842
29.242131697687505
29.227421207527748
29.51066244292689
29.36622468606985
29.460729651225513
29.163146987346913
29.502273112952523
29.71893579616195
30.158514918269052
29.9170057937764
30.081458587550113
30.108209214519093
29.987469566472782
29.755590619641982
29.94641656665942
29.362857230446068
29.824363110459323
30.019406646973575
29.75574865420135
29.81376154634353
29.462630336944173
29.7239499322643
29.900978539721226
29.79673499776045
30.148965158286828
29.668541579359058
30.20740514788277
30.24366875450294
29.85955290326764
30.12750143759544
29.35431327629872
29.839331800817032
29.973060889855468
29.232749966484562
29.42865534419421
29.068474284324683
29.435672814865843
29.534670843427733
29.584331623127255
29.581384081313303
29.634733145797767
29.639103820000486
29.611864821407693
29.88370443363453
29.587936506057062
29.427837282466978
29.604800038145285
29.414605407781284
29.59419364889155
29.461872797038755
29.565778241652968
29.312256352044994
29.582998046111303
29.09090429965155
29.022043789634207
29.282915433591317
28.969673616287633
28.88092534439254
28.591075963204663
28.889129180570666
28.746208453548814
28.46793051862513
28.46338124304264
28.201658809393447
28.169221702836907
28.43615184963505
27.899434541599373
27.648334104191896
27.69403562174142
27.86741747054014
28.00403851804129
27.741658691877785
27.73415075957277
27.509342401426974
27.53704706089251
27.686030308614548
27.849006827679908
27.77376652640413
27.64256927808794
27.783619264902068
27.777634949978342
27.723142900391526
27.724663266467108
28.02935317521325
27.569238636377
27.233547511261964
27.781248816044823
27.54557581576932
27.768416111862138
27.704028425581782
27.94782578787351
27.874521181460626
28.015781074638628
27.41161941742963
27.865795413895512
27.64259594862193
27.406219911545726
27.50981631935342
27.595876230751124
27.487087175494867
27.76206816966717
28.206722295274854
28.490006617444628
27.82524361806858
28.07548155188429
27.950063595134033
27.9839882357314
27.495609288996462
27.593739049091194
27.518208651097332
27.37048339657072
27.651544512907886
27.322287921224778
27.333849428806346
27.26111060556018
26.806851083731438
27.00762091678276
27.084665619096356
26.913981547422004
27.11266436295045
27.06052393170695
26.89782661218619
27.285215724320288
27.151926331005715
27.185086798007966
27.333837599909053
27.179444983756333
27.44625647787771
26.970862887418114
26.850089629804124
27.253974079718578
27.546326797535833
27.231099753638397
27.198387414824065
27.330203252499874
27.624774229764164
27.5635326444342
27.637837151019422
27.95344060539438
27.145637092567465
26.96350640832324
27.577626592745567
27.366434597201316
27.48512104485333
27.29301840548204
27.241153085836668
27.34014190165638
27.443584268013453
27.26756251148895
27.07942182694831
27.636916140463846
27.360502741341318
27.78817536023751
27.58368459064066
27.336519247827898
27.34581582747996
26.892044153990287
27.681470978716742
27.588382670988434
27.701330924125998
28.090753977059713
27.450160326878873
27.339889399406164
27.58543874229895
27.392174174437464
26.9973866781856
27.528841920241913
27.685037039901765
27.363787064687394
27.48943325732166
27.20003958272119
27.051598949420583
26.921282605555454
27.069494147398576
27.10589036337042
26.693562038226904
27.183604968917514
26.83234290668932
27.03494473153154
27.07311833012969
26.703518914361215
26.72938233995184
26.893960081634134
27.21979370499149
26.757228528712993
26.897675348978083
27.0260056357115
27.249254822219743
27.51240765141508
27.811130792940993
27.57624008609861
28.041848459382113
28.016977138670224
27.5414987640697
27.91037760362866
27.71265420907188
27.867028201039982
27.94734567382222
28.01196013145053
28.17199286935148
28.679686535227642
28.039178577631382
27.83594529992977
27.983712874087917
28.37059422492283
28.3871849840386
28.553411903147232
27.901130793879723
28.329056740211488
28.234555617893246
28.144360399812406
28.125247261891392
27.985373530863207
28.343835709883468
28.17762874578531
28.497925945106267
28.376397208713946
28.399885371736595
28.338000445470406
28.573994385066467
28.593301396781367
28.486507479317353
28.774539950044687
28.28281193617598
28.39283903603341
29.12916739145258
28.851439344619077
29.1529516761323
28.62891705728011
29.259361962740115
28.45718812686077
29.203096265768945
28.8296535853744
28.9020287615922
28.968111669641804
28.838557804992313
29.367928488014112
29.117039982054617
29.19773414085295
28.971526085183985
29.294472833633378
29.556710515208973
29.534236492712203
29.68620984890194
29.60338935395486
29.75731501700505
29.58038419777849
29.436491613328755
29.426068014222967
29.67394930086151
29.41098045536237
29.226602932518354
28.822302778174038
29.163089480753634
29.221553290189657
29.38886703276344
29.168541374996995
29.246957569257535
29.461970848428642
29.230823084810307
29.41201972189944
29.46349309613048
29.421105038989314
29.401999811818843
29.44729642023633
29.406170997830703
29.93587917673853
29.598213603185062
29.819644720724
29.735036898459207
29.4374267260158
29.44678059004233
29.498463240517694
29.61829691650385
29.584935653437714
29.580014432500015
29.371683079411095
29.53085940657802
29.565533238649323
29.221593827951605
29.277751555175637
29.373983859382736
29.658973272695796
29.618483463921358
30.0603278951024
29.872353063032197
29.56529037809351
29.448450634069005
29.379411900027083
29.173424552443596
29.78569570356502
29.678013416901717
29.118936089228928
29.61872794910979
29.737942396892276
29.979779873488674
29.482753034031322
29.828317713698464
30.026907301626313
29.589789856945142
29.765149847776712
29.531578377955434
29.770033748688462
29.7169564009672
29.9998232221264
30.16086054181409
29.947728858262984
29.732519302873307
29.61986196011462
29.757166151848423
29.58606630542393
29.56440438183991
29.401960972700362
29.55330426778079
29.49139129186096
29.480472709435606
29.729463610124515
28.981449009453538
29.875075976830935
30.03771049029482
29.845028632492284
29.888186658341144
29.874837474035782
29.872251311583636
29.88083212151949
29.86140730930249
30.057724729569166
29.840082428255222
29.75055071975926
30.303846499793984
29.681170287274057
29.70926999051116
29.937983426589927
29.78936992941947
30.22245142175162
30.387858401194755
29.3409789925153
30.077976751528784
29.886931052142298
30.156873352788917
30.01854682116706
30.04173260824085
29.72646974697683
29.631868132637194
30.018217680646853
30.05472310152825
29.923805825173353
29.73029615672202
29.63766860159176
29.579922733457686
30.012713233549107
29.694831622211712
29.955767441674325
29.908814194967583
29.734385383264282
29.623231537738477
29.57359588569802
29.79286238403037
29.70891643037957
29.55847921267035
29.729737541244138
30.053484104277064
30.00611489947761
29.84611883119192
29.521660650448588
29.545168556176428
29.99914134430919
29.910240746514155
29.632624642433345
29.951144782288765
29.84545258685417
29.562569261036344
29.37253099546569
29.565198124816327
29.548439216559924
29.69235293474184
30.05637761973682
29.8081228069237
29.720343342702684
29.862063933017374
29.41596365669136
29.444161726987396
29.63099332166761
29.51866984909097
29.420945163121857
29.481721762136335
29.03086208211562
29.65555171079449
29.600382147490638
29.52854053224994
29.340846665898805
29.22886757043071
28.98762058122119
29.482837797667024
29.20533323601499
29.310389543393065
29.58738766241425
29.672458961153133
29.27110112252938
29.005896563816968
29.68921038138382
29.462131082965875
29.23031748126396
29.296590104125446
29.119780026983904
28.779165785615987
29.068607365163718
28.813748832482215
28.726933647863515
29.104633399313684
28.72381173105917
28.62885264323284
28.50884747019976
28.927681863013667
28.581953515707223
28.440815407845363
28.60893264567627
28.496547486835496
28.390926508199414
28.415227430411207
28.868797183512413
28.645815552334373
28.183205240195562
28.196088636717796
28.163379646823973
28.43311754225953
28.262034466621163
28.487160843560115
28.24372366954852
28.288077199031907
28.379593305674444
28.438820550250252
28.403513240702313
28.232017771914645
28.26298247835726
28.75269182440561
28.242669301661078
28.30924041288715
28.576657822233592
28.268770350832
28.33300807361993
28.258790051827823
28.118432887072366
28.532792110904396
28.324197230336566
28.447129716956724
27.7899499698013
28.021487203436607
28.059636434971637
28.364021291684068
27.838497610518793
28.16174780348458
27.982294812209016
27.91242568015985
27.884708100735036
27.957355785448915
28.028580913257045
27.99748223933075
27.457182166545664
28.093547807951992
27.65054397655151
27.509209917490054
27.87872558732625
27.546689943180493
27.985700814835543
27.991260356596964
28.11132952060267
28.23788277116683
27.751078311934116
27.791862145981803
27.808823005355592
27.48762813488065
27.273377379412377
27.252369140387074
27.83255890543724
27.384665471388026
27.593160068506972
27.630084709350058
27.922638062410737
27.589655056513045
28.062601102877043
28.08820062366103
27.946429444165243
27.927877703563865
27.99680289172753
28.04310107096884
28.140229164943694
27.95503110598606
27.923138900948253
27.405666000060496
27.751494275664495
27.3518963414939
27.848061997780086
27.545309170028034
27.56403915770155
27.18597002060148
27.17270447380765
27.057119198585095
27.111857305283483
27.413085694107075
26.732083197534777
27.221250335247923
26.782763859754713
27.345015785810237
27.05468009220219
27.25050921271866
27.185024475034766
27.06608467790919
27.406675952711517
26.94515997517257
27.524814580291423
27.43095570371175
27.187463323945213
26.585917857209537
27.322273823942318
27.226848563640598
27.32412575349698
