600.0
600.0
600.5
601.0
601.4999999999999
601.9999999999985
602.4999999999898
602.9999999999554
603.4999999998527
603.9999999995964
604.4999999990372
604.999999997935
605.4999999959314
605.9999999925222
606.4999999870345
606.999999978609
607.4999999661952
607.9999999485589
608.4999999243075
608.9999998919345
609.4999998498841
609.999999796637
610.4999997308138
610.9999996512951
611.4999995573511
611.999999448774
612.4999993260045
612.9999991902414
613.4999990435215
613.9999988887571
614.4999987297164
614.9999985709319
615.4999984175239
615.9999982749248
616.4999981484935
616.9999980430118
617.4999979620547
617.9999979072352
618.4999978773234
618.9999978672491
619.499997866998
619.9999978604194
620.4999978239691
620.9999977254137
621.4999975225302
621.9999971618375
622.4999965774002
622.9999956897481
623.4999944049569
623.9999926139351
624.4999901919614
624.9999869985152
625.4999828774392
625.9999776574668
626.4999711531424
626.9999631661518
627.4999534870761
627.9999418975661
628.4999281729293
628.9999120851064
629.4998934060058
629.99987191115
630.4998473835807
630.9998196179558
631.4997884247648
631.999753634579
632.4997151022507
632.9996727109661
633.4996263760597
633.9995760484937
634.4995217179122
634.9994634151831
635.4994012143468
635.9993352339042
636.4992656373838
636.9991926331453
637.4991164733894
637.9990374523637
638.4989559037672
638.9988721973805
639.4987867349606
639.9986999454618
640.4986122796577
640.9985242042582
641.4984361956251
641.9983487332061
642.498262292811
642.9981773398656
643.4980943227773
643.9980136665486
644.4979357667709
644.9978609841256
645.4977896395068
645.9977220098696
646.4976583248922
646.9975987645219
647.4975434574529
647.9974924805689
648.4974458593522
648.9974035692476
649.4973655379403
649.9973316484887
650.4973017432322
650.997275628375
651.4972530791314
651.9972338453069
652.4972176571757
652.9972042315125
653.4971932776318
653.9971845032919
654.4971776203208
654.9971723498361
655.4971684269387
655.9971656047787
656.4971636579074
656.9971623848526
657.4971616098744
657.9971611838855
658.4971609845396
658.9971609155189
659.4971609050737
659.9971609038886
660.4971608823679
660.9971608274524
661.4971607390896
661.9971606264933
662.4971605043293
662.9971603889713
663.4971602949634
663.9971602318208
664.497160201291
664.9971601951775
665.4971601938149
665.99716016526
666.4971600652365
666.9971598378515
667.4971594170672
667.9971587288873
668.4971576941896
668.99715623211
669.4971542638561
669.9971517168102
670.4971485287606
670.9971446520859
671.4971400577072
671.9971347386166
672.4971287127918
672.9971220253086
673.4971147494781
673.9971069868451
674.4970988659096
674.9970905394557
675.4970821804015
675.997073976117
676.4970661211903
676.9970588086634
677.4970522197915
677.9970465124236
678.4970418081355
678.9970381782847
679.49703562919
679.9970340866658
680.4970333801705
680.9970332268457
681.4970332157418
681.9970327925304
682.4970312450106
682.9970276897121
683.4970210598856
683.9970100951581
684.4969933331056
684.9969691029686
685.496935521701
685.9968904925064
686.4968317059734
686.9967566438745
687.4966625856504
687.9965466175478
688.4964056443371
688.9962364034825
689.4960354815962
689.9957993329645
690.4955242998919
690.9952066345811
691.4948425222278
691.9944281049964
692.493959506515
692.9934328565248
693.492844315308
693.9921900975264
694.4914664951048
694.9906698988149
695.4897968182302
695.9888438997509
696.4878079424294
696.9866859113587
697.4854749484261
697.9841723802749
698.4827757233564
698.9812826860009
699.4796911674746
699.9779992540344
700.476205212031
700.9743074781468
701.4723046468936
701.9701954555206
702.4679787665148
702.965653547895
703.4632188515227
703.9606737896605
704.4580175100251
704.9552491695788
705.45236790731
705.9493728162444
706.4462629149242
706.9430371185807
707.4396942102132
707.9362328117711
708.4326513556206
708.9289480564588
709.4251208838209
709.9211675353073
710.4170854106413
710.9128715866534
711.4085227932702
711.9040353905777
712.399405347016
712.8946282187543
713.3896991302914
713.8846127563219
714.3793633049071
714.8739445019935
715.3683495773212
715.8625712517724
716.3566017262148
716.8504326719025
717.3440552225032
717.8374599678305
718.3306369493633
718.8235756576468
719.316265031667
719.8086934603018
720.3008487859473
720.7927183104193
721.2842888032284
721.775546512317
722.2664771773414
722.7570660455663
723.247297890428
723.7371570328019
724.2266273649914
724.7156923774313
725.2043351880751
725.6925385744078
726.180285008
726.667556691488
727.1543355978356
727.6406035117074
728.1263420727496
728.6115328205518
729.0961572410339
729.5801968139793
730.0636330614158
730.5464475965232
731.0286221727358
731.5101387326911
731.9909794566709
732.4711268101771
732.9505635902797
733.4292729703827
733.9072385430588
734.3844443606146
734.8608749730645
735.3365154632095
735.8113514785382
736.2853692596933
736.7585556652729
737.230898192767
737.7023849954609
738.1730048951674
738.6427473906888
739.1116026619385
739.5795615696917
740.0466156509656
740.5127571100645
740.9779788053596
741.4422742319019
741.9056374999996
742.3680633099167
742.829546922879
743.2900841285929
743.749671209508
744.2083049020719
744.6659823552387
745.1227010865135
745.5784589358174
746.0332540174736
746.4870846706164
746.93994940833
747.3918468658266
747.842775747969
748.2927347764448
748.7417226368907
749.1897379262606
749.6367791007254
750.0828444243808
750.5279319190305
750.9720393153036
751.41516400535
751.8573029973489
752.2984528720519
752.7386097415697
753.1777692106002
753.6159263402819
754.053075614846
754.4892109112263
754.9243254717782
755.3584118802411
755.7914620410747
756.2234671622817
756.6544177418244
757.0843035577312
757.5131136619784
757.940836378224
758.367459303461
758.7929693136481
759.2173525733658
759.6405945495376
760.0626800292441
760.48359314165
760.9033173840508
761.3218356520359
761.7391302737531
762.1551830482429
762.5699752878033
762.9834878643244
763.395701259518
763.806595618953
764.2161508097845
764.6243464820463
765.031162133358
765.4365771768709
765.8405710122598
766.2431230995394
766.6442130354595
767.0438206322124
767.4419259981538
767.838509620218
768.2335524476784
768.6270359768826
769.0189423365632
769.4092543733052
769.7979557367252
770.1850309638997
770.5704655625618
770.9542460925658
771.3363602451117
771.7167969192074
772.095546294842
772.472599902342
772.8479506873803
773.2215930711192
773.5935230049746
773.9637380195065
774.3322372669597
774.6990215570044
775.0640933852562
775.4274569541898
775.7891181860975
776.1490847277927
776.5073659467993
776.863972918827
777.2189184063814
777.5722168284198
777.9238842210241
778.2739381891226
778.6223978493601
778.9692837642781
779.3146178680348
779.6584233839587
780.0007247342924
780.341547442549
780.6809180289622
781.0188638995675
781.355413229509
781.6905948412154
782.0244380781328
782.3569726747471
782.6882286236608
783.0182360405208
783.3470250276177
783.6746255369957
784.0010672339222
784.3263793615752
784.6505906077995
784.9737289747825
785.29582165248
785.6168948966064
785.9369739119772
786.2560827419592
786.5742441647466
786.8914795971428
787.2078090064772
787.5232508312374
787.8378219109466
788.1515374257519
788.4644108461384
788.7764538931127
789.0876765091441
789.3980868400822
789.7076912282056
790.0164942164911
790.324498564127
790.6317052732286
790.9381136266496
791.2437212367216
791.5485241046896
791.8525166905529
792.1556919929623
792.4580416387666
792.7595559817495
793.0602242100422
793.360034461651
793.6589739474882
793.957029081251
794.2541856154505
794.5504287828525
794.8457434425527
795.1401142298794
795.4335257092787
795.7259625293148
796.0174095788893
796.3078521437667
796.5972760624701
796.8856678806062
797.173015002664
797.459305840333
797.7445299563875
798.0286782031919
798.3117428548953
798.5937177324064
798.8745983202638
799.1543818745527
799.4330675210582
799.7106563428932
799.9871514568939
800.2625580781365
800.5368835719964
800.8101374932456
801.0823316117643
801.3534799245272
801.6235986536167
801.8927062301086
802.1608232637741
802.427972498642
802.6941787545699
802.959468855071
803.2238715417526
803.4874173758176
803.7501386271854
804.0120691518814
804.2732442584381
804.533700564138
804.7934758420092
805.0526088595593
805.3111392103012
805.569107139181
805.8265533630689
806.0835188875162
806.3400448210089
806.5961721879711
806.8519417417826
807.1073937790719
807.3625679565387
807.6175031115381
807.872237087629
808.1268065662466
808.381246905615
808.6355919879514
808.8898740759548
809.1441236794918
809.3983694333192
809.6526379865924
809.9069539048219
810.1613395848447
810.4158151832792
810.6703985588362
810.9251052287534
811.1799483395241
811.4349386519883
811.6900845407566
811.9453920078399
812.2008647102647
812.4565040013637
812.7123089853457
812.9682765846666
813.2244016196482
813.480676899721
813.7370933256
813.9936400016477
814.2503043576206
814.5070722789526
814.7639282446858
815.020855472125
815.2778360672648
815.534851180012
815.7918811632131
816.0489057344836
816.3059041398262
816.5628553180323
816.8197380648571
817.0765311959738
817.3332137077246
817.5897649347069
817.8461647032547
818.1023934799078
818.3584325139922
818.6142639734733
818.8698710732898
819.1252381954183
819.3803509999742
819.6351965267098
819.8897632863304
820.1440413411127
820.39802237438
820.6516997484584
820.9050685508136
821.1581256281453
821.4108696082974
821.66330090992
821.9154217399075
822.1672360787154
822.4187496537463
822.6699699010752
822.920905915868
823.1715683919248
823.4219695508576
823.672123061485
823.9220439500932
824.171748502281
824.4212541571594
824.6705793947331
824.9197436173358
825.1687670260283
825.4176704929
825.6664754302409
825.9152036575599
826.1638772674398
826.4125184912117
826.6611495654267
826.909792600084
827.1584694495467
827.4072015870496
827.6560099836563
827.9049149924826
828.1539362389457
828.4030925177419
828.6524016971932
828.9018806315315
829.1515450816217
829.4014096445478
829.6514876924095
829.9017913205998
830.1523313057536
830.4031170734793
830.6541566759073
830.9054567790109
831.1570226595821
831.4088582116713
831.660965962231
831.9133470956396
832.1660014867159
832.4189277417855
832.6721232472988
832.9255842254631
833.1793057963022
833.4332820455254
833.6875060975559
833.9419701930435
834.1966657701689
834.451583549032
834.7067136184107
834.9620455241736
835.2175683586324
835.4732708501313
835.7291414521806
835.9851684314644
836.2413399540711
836.497644169326
836.7540692906379
837.0106036728031
837.2672358852551
837.5239547807853
837.7807495593106
838.0376098263091
838.2945256455965
838.5514875861687
838.8084867628899
839.0655148708611
839.3225642133599
839.5796277232986
839.8366989782047
840.0937722087835
840.3508423011771
840.6079047930876
840.8649558639863
841.1219923196744
841.3790115715158
841.6360116106982
841.8929909779246
842.1499487289701
842.4068843965746
842.6637979491645
842.9206897469267
843.1775604957692
843.4344111997207
843.6912431123266
843.9480576876031
844.204856531107
844.4616413516717
844.7184139143465
844.9751759950574
845.2319293374868
845.488675612638
845.7454163815221
846.0021530613678
846.2588868957135
846.5156189286997
846.7723499838339
847.0290806474518
847.2858112570469
847.5425418945924
847.7992723849233
848.0560022991945
848.3127309633797
848.5694574717187
848.8261807049722
849.0828993532929
849.3396119434693
849.5963168702566
849.8530124314607
850.1096968664043
850.3663683973631
850.6230252735279
850.8796658170168
851.1362884704373
851.3928918454749
851.6494747719685
851.9060363469206
852.1625759828828
852.419093455155
852.6755889472391
852.9320630939962
853.1885170219683
853.4449523863454
853.7013714040799
853.957776882678
854.214172244233
854.4705615442982
854.7269494852407
854.9833414237629
855.2397433723261
855.4961619942611
855.7526045924089
856.0090790911883
856.265594012048
856.5221584423215
856.7787819975609
857.0354747774936
857.2922473157995
857.5491105239735
857.8060756295931
858.063154109369
858.3203576174105
858.5776979091921
858.8351867617488
859.0928358906785
859.3506568645643
859.6086610174629
859.8668593601385
860.1252624907391
860.3838805056313
860.6427229111202
860.9017985367859
861.1611154511636
861.4206808804881
861.6805011312088
861.9405815169566
862.2009262906237
862.4615385821768
862.7224203427935
862.9835722958626
863.244993895345
863.506683291939
863.7686373074372
864.0308514176047
864.2933197438474
864.5560350538735
864.8189887714896
865.0821709956028
865.3455705284392
865.6091749129153
865.872970479041
866.1369423991612
866.4010747517823
866.6653505936679
866.9297520398267
867.1942603509596
867.4588560278763
867.7235189123419
867.9882282937627
868.2529630210779
868.5177016191788
868.7824224091421
869.0471036315283
869.3117235719646
869.5762606882099
869.8406937378735
870.105001905946
870.3691649312863
870.6331632312025
870.8969780232627
871.1605914434732
871.4239866599727
871.6871479814026
871.9500609591353
872.2127124825658
872.4750908667073
872.7371859313628
872.9989890711946
873.2604933160584
873.521693381025
873.7825857055736
874.0431684815064
874.3034416692038
874.563407001918
874.8230679778794
875.0824298400761
875.341499543651
875.6002857109531
875.858798574366
876.1170499071325
876.3750529424818
876.6328222814602
876.8903737899514
877.1477244854641
877.4048924143441
877.6618965201476
877.91875650399
878.1754926777489
878.4321258110631
878.6886769731258
878.9451673703144
879.2016181807396
879.4580503868253
879.714484607052
879.9709409280074
880.2274387378907
880.4839965626078
880.7406319055799
880.9973610923602
881.2541991211192
881.5111595200165
881.7682542124231
882.0254933909035
882.2828854007968
882.5404366341681
882.798151434824
883.0560320150026
883.3140783842673
883.5722882910438
883.8306571771516
884.0891781455903
884.3478419417532
884.6066369481473
884.8655491926138
885.1245623699571
885.3836578768046
885.6428148594422
885.902010274292
886.1612189606291
886.4204137250623
886.6795654372461
886.9386431362261
887.1976141467719
887.4564442049984
887.7150975925349
887.9735372784592
888.23172506818
888.4896217584206
888.747187297426
889.0043809494982
889.2611614629423
889.5174872404884
889.7733165112494
890.0286075032585
890.2833186156334
890.5374085894082
890.7908366760787
891.0435628029163
891.2955477341117
891.5467532268294
891.7971421812722
892.0466787838783
892.2953286428045
892.5430589148829
892.7898384232767
893.035637765109
893.280429408384
893.5241877775802
893.7668893273533
894.0085126038526
894.2490382932283
894.4884492569779
894.726730553865
894.9638694482209
895.1998554045314
895.4346800682952
895.668337233233
895.9008227950169
896.132134691779
896.3622728317529
896.5912390084848
896.8190368041414
897.0456714815231
897.2711498654688
897.495480214415
897.7186720829366
897.9407361761622
898.1616841970093
898.3815286872326
898.6002828633202
898.8179604483016
899.0345755005568
899.2501422407297
899.4646748778548
899.6781874358052
899.8906935811573
900.1022064535518
900.3127384996006
900.5223013113572
900.730905470327
900.9385603979464
901.1452742134042
901.3510535996234
901.5559036781553
901.7598278936708
901.9628279086635
902.1649035089055
902.3660525201215
902.5662707362685
902.7655518597333
902.9638874536787
903.1612669066984
903.3576774098573
903.553103946125
903.7475292921364
903.9409340321426
904.1332965839507
904.324593236584
904.5147981993379
904.7038836618469
904.8918198647265
905.0785751803037
905.2641162029086
905.4484078481514
905.6314134605798
905.8130949290726
905.9934128092998
906.1723264525531
906.3497941402275
906.5257732232197
906.7002202654935
906.8730911910498
907.0443414335358
907.2139260877212
907.3818000620687
907.5479182316315
907.7122355905153
907.8747074031517
908.035289353643
908.1939376924557
908.3506093797582
908.5052622247194
908.6578550201149
908.8083476716107
908.9567013211307
909.1028784637463
909.246843057564
909.3885606261294
909.527998352905
909.6651251674263
909.7999118227882
909.9323309641597
910.062357188078
910.1899670923208
910.3151393162136
910.4378545712734
910.5580956621507
910.6758474978783
910.7910970934914
910.9038335621315
911.0140480977968
911.1217339489519
911.2268863832502
911.3295026436708
911.4295818964112
911.5271251709105
911.622135292421
911.714616807568
911.8045759033731
911.8920203202376
911.9769592594022
912.0594032854203
912.1393642241925
912.2168550571209
912.2918898119513
912.3644834508686
912.43465175642
912.5024112158267
912.5677789042502
912.6307723675625
912.6914095051632
912.7497084533724
912.805687469913
912.8593648199801
912.9107586643757
912.9598869501694
913.0067673043227
913.0514169306952
913.093852510827
913.1340901088709
913.1721450810215
913.2080319897697
913.2417645232821
913.2733554201874
913.3028164000219
913.3301580995696
913.3553900153033
913.3785204521155
913.3995564785016
913.4185038883386
913.4353671693771
913.4501494785465
913.4628526241501
913.4734770550037
913.4820218565541
913.4884847539882
913.4928621223285
913.4951490034808
913.4953391301894
913.4934249568247
913.4893976969116
913.4832473672856
913.4749628387376
913.4645318929918
913.4519412858335
913.4371768161849
913.4202234009008
913.4010651550363
913.3796854773112
913.3560671404753
913.3301923862547
913.3020430245348
913.271600536412
913.2388461807252
913.2037611036526
913.166326450941
913.1265234823101
913.0843336875553
913.0397389038563
912.9927214337764
912.9432641634262
912.8913506802489
912.8369653898734
912.7800936314724
912.7207217910552
912.6588374121219
912.594429303103
912.5274876410133
912.4580040707514
912.3859717994874
912.3113856855925
912.2342423215817
912.1545401105589
912.0722793356779
911.9874622221613
911.9000929914466
911.8101779070657
911.7177253119
911.6227456564933
911.5252515181486
911.4252576105794
911.3227807839348
911.2178400150673
911.110456387962
911.0006530643025
910.8884552441959
910.7738901171398
910.6569868033623
910.5377762857244
