0.0
3.4988068023258326e-6
6.99045767370665e-6
1.0467812950599904e-5
1.3923765466499514e-5
1.7351256706121973e-5
2.0743292846643044e-5
2.409296064874983e-5
2.7393443160627003e-5
3.06380351984371e-5
3.382015856738157e-5
3.6933376988040726e-5
3.9971410693385605e-5
4.292815066263026e-5
4.57976724589497e-5
4.857424963902103e-5
5.125236670335453e-5
5.382673155746315e-5
5.629228745507015e-5
5.864422439577521e-5
6.087798995088224e-5
6.298929949243922e-5
6.497414580194366e-5
6.682880803662698e-5
6.854986003274177e-5
7.013417792683455e-5
7.157894707758969e-5
7.288166827247339e-5
7.404016320508652e-5
7.505257921084718e-5
7.591739325036462e-5
7.663341513163116e-5
7.719978996394303e-5
7.761599983826239e-5
7.788186473054454e-5
7.79975426263736e-5
7.79635288670721e-5
7.778065471927043e-5
7.745008517173728e-5
7.69733159650763e-5
7.635216986168447e-5
7.558879216514024e-5
7.46856454999364e-5
7.364550386419603e-5
7.247144596969943e-5
7.116684788520602e-5
6.973537500067104e-5
6.81809733315317e-5
6.650786018376312e-5
6.472051420188314e-5
6.282366482350711e-5
6.082228116542105e-5
5.8721560367448375e-5
5.652691542162747e-5
5.424396251539562e-5
5.187850791858265e-5
4.943653444505476e-5
4.692418752081168e-5
4.434776089122798e-5
4.1713682000938124e-5
3.9028497080593856e-5
3.62988559753703e-5
3.3531496750661325e-5
3.073323011088572e-5
2.7910923667719617e-5
2.5071486094380447e-5
2.2221851202808775e-5
1.9368961980729543e-5
1.651975462562156e-5
1.368114261258337e-5
1.0860000832956663e-5
8.06314984035366e-6
5.2973402404344436e-6
2.5692372603944564e-6
-1.1459446634890653e-7
-2.7477058653341337e-6
-5.323778101797309e-6
-7.836636943392883e-6
-1.0280266772101183e-5
-1.2648824213402118e-5
-1.4936651351736531e-5
-1.71382885022947e-5
-1.924848651025451e-5
-2.1262218549745007e-5
-2.317469139602548e-5
-2.4981356145646347e-5
-2.667791836069203e-5
-2.826034761459323e-5
-2.9724886418435193e-5
-3.1068058508174544e-5
-3.2286676474706644e-5
-3.3377848720296146e-5
-3.4338985726488195e-5
-3.516780562025757e-5
-3.586233902681781e-5
-3.64209331992056e-5
-3.684225541646434e-5
-3.7125295643980354e-5
-3.7269368451262805e-5
-3.727411418420569e-5
-3.7139499390621336e-5
-3.686581649958339e-5
-3.64536827568638e-5
-3.5904038420482406e-5
-3.5218144222112586e-5
-3.439757810178987e-5
-3.344423122505666e-5
-3.2360303293333484e-5
-3.114829715993784e-5
-2.981101276576858e-5
-2.8351540410232375e-5
-2.677325337450967e-5
-2.507979991573155e-5
-2.3275094652067397e-5
-2.1363309360099893e-5
-1.934886320718661e-5
-1.7236412442773835e-5
-1.5030839573832762e-5
-1.2737242050733439e-5
-1.0360920490946308e-5
-7.907366468973983e-6
-5.382249901853638e-6
-2.791406060438507e-6
-1.4082223746051098e-7
2.5633758959072513e-6
5.314938212628291e-6
8.107504298600851e-6
1.0934617834273994e-5
1.3789741155279784e-5
1.6666269957960055e-5
1.955754811543059e-5
2.2456882569670995e-5
2.5357558265057556e-5
2.8252853088768202e-5
3.1136052783582445e-5
3.400046579877547e-5
3.683943804506321e-5
3.964636751989302e-5
4.241471876979263e-5
4.51380371569858e-5
4.7809962898056403e-5
5.0424244843090095e-5
5.297475396444601e-5
5.545549652510207e-5
5.786062689738301e-5
6.018446000380832e-5
6.242148335279257e-5
6.456636864298821e-5
6.66139829111763e-5
6.85593991997843e-5
7.039790672133581e-5
7.212502049841421e-5
7.373649045904596e-5
7.522830996877671e-5
7.659672378212119e-5
7.783823539751297e-5
7.894961380135709e-5
7.992789958829616e-5
8.077041044633309e-5
8.147474599700806e-5
8.203879198239999e-5
8.246072379230899e-5
8.273900932657285e-5
8.287241118907384e-5
8.285998821159682e-5
8.270109630730231e-5
8.239538865517735e-5
8.194281521841374e-5
8.134362160123837e-5
8.059834725027822e-5
7.970782300807888e-5
7.86731680279071e-5
7.749578606045162e-5
7.617736112448805e-5
7.471985257498969e-5
7.3125489583544e-5
7.139676504726942e-5
6.953642894371821e-5
6.75474811504925e-5
6.543316374949264e-5
6.319695283685329e-5
6.0842549860704174e-5
5.837387250991398e-5
5.5795045177936326e-5
5.3110389026773914e-5
5.0324411676908805e-5
4.744179654981093e-5
4.446739189033225e-5
4.140619949691954e-5
3.826336318813167e-5
3.5044157034427635e-5
3.175397338459892e-5
2.839831071655125e-5
2.49827613423984e-5
2.1512998998012708e-5
1.799476634728185e-5
1.4433862431353692e-5
1.08361300931045e-5
7.207443406947225e-6
3.553695143901166e-6
-1.1921569842235246e-7
-3.805396271605763e-6
-7.4989721290807135e-6
-1.119409932723554e-5
-1.4884976347105535e-5
-1.8565855809399763e-5
-2.2231055956296587e-5
-2.5874971874190375e-5
-2.949208643238102e-5
-3.307698091356032e-5
-3.662434531287964e-5
-4.012898828335368e-5
-4.3585846706391506e-5
-4.69899948673164e-5
-5.0336653216864836e-5
-5.36211967008158e-5
-5.683916264111034e-5
-5.998625815305842e-5
-6.305836708450759e-5
-6.60515564641482e-5
-6.89620824474622e-5
-7.178639575017054e-5
-7.45211465604103e-5
-7.716318892225294e-5
-7.970958458457906e-5
-8.215760631072548e-5
-8.450474064573694e-5
-8.674869013946081e-5
-8.888737502513636e-5
-9.091893435452977e-5
-9.284172659205993e-5
-9.465432967173833e-5
-9.635554052210823e-5
-9.794437406570937e-5
-9.942006170091312e-5
-0.00010078204927526076
-0.00010202999456069981
-0.00010316376424233699
-0.0001041834304335184
-0.00010508926673119344
-0.00010588174382663044
-0.00010656152468761028
-0.00010712945932924018
-0.00010758657919149301
-0.00010793409114248908
-0.00010817337112739209
-0.00010830595748359232
-0.00010833354394358864
-0.00010825797234766246
-0.00010808122508905315
-0.00010780541731490045
-0.00010743278890670674
-0.00010696569626449883
-0.00010640660391922211
-0.00010575807599819388
-0.00010502276756866
-0.00010420341588465606
-0.00010330283156245607
-0.00010232388970991028
-0.00010126952103492031
-0.00010014270295817984
-9.89464507551231e-5
-9.768380875176686e-5
-9.635784159881447e-5
-9.497162564800268e-5
-9.352824045422712e-5
-9.203076042646816e-5
-9.048224664997135e-5
-8.88857389015038e-5
-8.724424787882288e-5
-8.556074766475014e-5
-8.383816844544995e-5
-8.20793895016645e-5
-8.028723249076637e-5
-7.846445503654664e-5
-7.661374464267782e-5
-7.473771294476517e-5
-7.283889031484196e-5
-7.091972083106899e-5
-6.898255762427236e-5
-6.702965861180012e-5
-6.506318262799981e-5
-6.308518595941467e-5
-6.10976192915814e-5
-5.910232507307418e-5
-5.710103530119317e-5
-5.509536973244327e-5
-5.3086834519686786e-5
-5.1076821276591686e-5
-4.906660656874123e-5
-4.705735182951101e-5
-4.5050103697579695e-5
-4.304579477170296e-5
-4.104524477716156e-5
-3.9049162137099406e-5
-3.705814594078696e-5
-3.507268829969263e-5
-3.3093177081126085e-5
-3.1119899008119974e-5
-2.9153043113160327e-5
-2.7192704532356825e-5
-2.5238888625661354e-5
-2.3291515407802972e-5
-2.1350424273720432e-5
-1.9415379001418217e-5
-1.7486073014385294e-5
-1.5562134884964632e-5
-1.3643134059373113e-5
-1.1728586784438693e-5
-9.817962215542315e-6
-7.910688684732018e-6
-6.006160107523759e-6
-4.1037425065032155e-6
-2.2027806295076813e-6
-3.026046399032779e-7
1.597463143739601e-6
3.49810148140877e-6
5.399983441759237e-6
7.303769651494244e-6
9.2101015868824e-6
1.1119594930157965e-5
1.3032833013368035e-5
1.4950360371974323e-5
1.68726764302099e-5
1.880022933981272e-5
2.0733409993317118e-5
2.2672546232587403e-5
2.4617897272720962e-5
2.656964836082452e-5
2.8527905688504523e-5
3.0492691576175015e-5
3.246393994651339e-5
3.444149210356257e-5
3.6425092833096764e-5
3.841438683894658e-5
4.040891552901222e-5
4.240811416368113e-5
4.4411309378323306e-5
4.641771709045646e-5
4.842644080105519e-5
5.0436470298339094e-5
5.24466807712047e-5
5.44558323382704e-5
5.646256999729699e-5
5.846542399851152e-5
6.046281064412502e-5
6.24530335150808e-5
6.443428512481144e-5
6.640464899852212e-5
6.83621021752582e-5
7.030451812875516e-5
7.222967010182234e-5
7.413523484777178e-5
7.601879677117828e-5
7.787785245904995e-5
7.970981559230291e-5
8.151202222626849e-5
8.328173642783042e-5
8.501615625567971e-5
8.671242006910788e-5
8.8367613149722e-5
8.997877461946908e-5
9.154290463740679e-5
9.30569718567448e-5
9.451792112282414e-5
9.592268139188654e-5
9.726817384973108e-5
9.855132020864569e-5
9.976905116035758e-5
0.00010091831496215268
0.00010199608613278755
0.00010299937423434538
0.00010392523271578695
0.00010477076779360192
0.0001055331473446952
0.00010620960978643005
0.00010679747291861253
0.00010729414270212325
0.00010769712194890198
0.00010800401889804917
0.000108212555652943
0.00010832057645446925
0.00010832605576572904
0.00010822710614392581
0.0001080219858755355
0.00010770910635133149
0.00010728703915837113
0.00010675452286664834
0.00010611046948877475
0.00010535397059177731
0.00010448430304087757
0.00010350093435595701
0.00010240352766230842
0.00010119194621821724
9.986625750291832e-5
9.842673684951894e-5
9.68738706085701e-5
9.52083588291093e-5
9.343111744517035e-5
9.154327995697176e-5
8.954619859724675e-5
8.744144497445555e-5
8.523081018593083e-5
8.291630439534307e-5
8.050015587022468e-5
7.798480947666828e-5
7.537292462970303e-5
7.266737269925007e-5
6.987123387296777e-5
6.698779347870836e-5
6.402053777071624e-5
6.097314918511041e-5
5.7849501071591846e-5
5.465365190970525e-5
5.138983901936706e-5
4.8062471776722934e-5
4.4676124347739046e-5
4.123552795324139e-5
3.774556268040279e-5
3.421124885692748e-5
3.063773800540168e-5
2.7030303396451758e-5
2.3394330220497756e-5
1.9735305398972807e-5
1.605880705692934e-5
1.2370493679943686e-5
8.676092979177009e-6
4.9813904893287885e-6
1.2922179250540608e-6
-2.3855586778258127e-6
-6.046051009276562e-6
-9.683360692493214e-6
-1.329159162357968e-5
-1.686486241471295e-5
-2.0397318911598235e-5
-2.3883146755665883e-5
-2.7316583961161915e-5
-3.069193347707406e-5
-3.4003575703683096e-5
-3.7245980933467375e-5
-4.041372168609147e-5
-4.350148490729199e-5
-4.6504084001634364e-5
-4.9416470669341306e-5
-5.2233746517709356e-5
-5.49511744180063e-5
-5.7564189579206676e-5
-6.0068410310443636e-5
-6.245964844466643e-5
-6.473391939666017e-5
-6.68874518293316e-5
-6.89166969029693e-5
-7.081833708306956e-5
-7.25892944832546e-5
-7.422673872081669e-5
-7.572809426347919e-5
-7.709104724708972e-5
-7.831355174513132e-5
-7.939383547216717e-5
-8.033040490460516e-5
-8.112204980349524e-5
-8.176784712543223e-5
-8.226716430904549e-5
-8.26196619259931e-5
-8.282529568685547e-5
-8.288431779382474e-5
-8.279727763361555e-5
-8.256502180557469e-5
-8.218869348153559e-5
-8.166973109554931e-5
-8.100986636321799e-5
-8.021112163195777e-5
-7.927580656512539e-5
-7.82065141645443e-5
-7.70061161375667e-5
-7.5677757616396e-5
-7.422485123897496e-5
-7.265107060230163e-5
-7.096034310057856e-5
-6.915684216211255e-5
-6.724497890037487e-5
-6.522939319608227e-5
-6.311494422858302e-5
-6.090670047620867e-5
-5.8609929206596346e-5
-5.623008547927231e-5
-5.377280068403545e-5
-5.1243870639863376e-5
-4.864924328020723e-5
-4.599500595160877e-5
-4.3287372353592926e-5
-4.0532669148740836e-5
-3.7737322272726715e-5
-3.490784297492691e-5
-3.205081362094629e-5
-2.9172873289083918e-5
-2.6280703193352115e-5
-2.3381011966191505e-5
-2.0480520834458638e-5
-1.7585948722634197e-5
-1.4703997317473992e-5
-1.184133612853888e-5
-9.004587579149123e-6
-6.200312162354133e-6
-3.434993696456131e-6
-7.150247145098506e-7
1.953307978002036e-6
4.563837543400881e-6
7.1105311164178225e-6
9.587503540085555e-6
1.1989030800373118e-5
1.4309563127629601e-5
1.6543737733602537e-5
1.8686391153555245e-5
2.0732571163863266e-5
2.2677548246379735e-5
2.4516826571846962e-5
2.6246154475694977e-5
2.7861534400679222e-5
2.935923228200491e-5
3.073578635182785e-5
3.198801534132947e-5
3.311302605991919e-5
3.410822033253515e-5
3.497130127746842e-5
3.570027890864969e-5
3.6293475047874755e-5
3.674952753403849e-5
3.706739371806275e-5
3.724635323385646e-5
3.728601003731718e-5
3.718629370709037e-5
3.694746000251394e-5
3.6570090675911275e-5
3.605509253813755e-5
3.5403695778031645e-5
3.46174515381797e-5
3.3698228751140813e-5
3.26482102420322e-5
3.146988810509698e-5
3.0166058363599092e-5
2.873981492408735e-5
2.719454283774154e-5
2.5533910883164683e-5
2.3761863486603886e-5
2.1882611997158183e-5
1.990062533607921e-5
1.7820620040772495e-5
1.564754972555457e-5
1.3386593982632208e-5
1.1043146748119008e-5
8.622804159197216e-6
6.131351929770718e-6
3.5747522731254914e-6
9.591304012211981e-7
-1.7092393687250138e-6
-4.423947868734027e-6
-7.178465663114527e-6
-9.96615792673083e-6
-1.2780299584403056e-5
-1.5614090676699e-5
-1.846067191679536e-5
-2.1313140402590945e-5
-2.4164565447835274e-5
-2.700800449571696e-5
-2.983651907810792e-5
-3.264319078350421e-5
-3.542113719664306e-5
-3.81635277727852e-5
-4.086359960976565e-5
-4.351467308110756e-5
-4.61101672937772e-5
-4.864361533452006e-5
-5.110867926917882e-5
-5.3499164859925384e-5
-5.5809035965965714e-5
-5.80324285939741e-5
-6.016366456530171e-5
-6.21972647678642e-5
-6.412796196155499e-5
-6.595071310703951e-5
-6.766071118887721e-5
-6.92533965050697e-5
-7.072446739635909e-5
-7.206989038988249e-5
-7.328590973314248e-5
-7.4369056295653e-5
-7.531615581708621e-5
-7.61243364822527e-5
-7.679103580480898e-5
-7.731400680318963e-5
-7.769132345390457e-5
-7.792138540902192e-5
-7.800292196636716e-5
-7.793499528271504e-5
-7.771700282200825e-5
-7.734867903242808e-5
-7.683009624793929e-5
-7.616166481174385e-5
-7.534413242089685e-5
-7.437858269316507e-5
-7.326643295901976e-5
-7.20094312834785e-5
-7.060965272431371e-5
-6.906949483493228e-5
-6.739167242200654e-5
-6.557921156968274e-5
-6.363544294391943e-5
-6.156399439219113e-5
-5.9368782855454444e-5
-5.705400561089037e-5
-5.462413086550279e-5
-5.2083887722186446e-5
-4.9438255541353747e-5
-4.669245272262504e-5
-4.385192493245842e-5
-4.092233280489966e-5
-3.790953914386617e-5
-3.4819595656559314e-5
-3.165872924870474e-5
-2.843332791334435e-5
-2.5149926245868053e-5
-2.1815190618856352e-5
-1.8435904051095994e-5
-1.501895080586164e-5
-1.157130075419305e-5
-8.099993539444962e-6
-4.612122579861567e-6
-1.114818946311175e-6
2.3847648473998225e-6
5.879471103994796e-6
9.362153214231734e-6
1.2825691902661e-5
1.626301140992577e-5
1.9667095574033056e-5
2.3031003773263864e-5
2.6347886693724226e-5
2.961100188494489e-5
3.281372906743563e-5
3.59495851566948e-5
3.901223896883342e-5
4.199552557372494e-5
4.489346026242843e-5
4.7700252096535915e-5
5.0410317008078154e-5
5.301829041968987e-5
5.5519039355858214e-5
5.790767401727522e-5
6.017955879158804e-5
6.233032267515841e-5
6.435586908183016e-5
6.625238501615123e-5
6.801634958998619e-5
6.964454186299726e-5
7.113404798906978e-5
7.248226765237895e-5
7.36869197784711e-5
7.474604750742798e-5
7.565802241792231e-5
7.642154799272503e-5
7.70356623180029e-5
7.749974001054775e-5
7.781349336887964e-5
7.797697274598809e-5
7.799056614329761e-5
7.785499802726389e-5
7.757132737182124e-5
7.714094493171813e-5
7.656556975356492e-5
7.584724493319904e-5
7.498833262973155e-5
7.399150834836463e-5
7.285975450577542e-5
7.159635329352563e-5
7.020487885658844e-5
6.86891888056662e-5
6.70534150835242e-5
6.530195420705008e-5
6.34394569081953e-5
6.147081719833559e-5
5.940116088191911e-5
5.723583354652835e-5
5.498038805768548e-5
5.2640571587856335e-5
5.022231221017443e-5
4.773170508838738e-5
4.51749982954437e-5
4.255857829396786e-5
3.9888955112632696e-5
3.71727472531047e-5
3.441666636283462e-5
3.162750170946834e-5
2.8812104493080168e-5
2.597737203276223e-5
2.313023186435681e-5
2.0277625786279454e-5
1.742649389045359e-5
1.4583758615372226e-5
1.1756308858192886e-5
8.950984182592938e-6
6.17455915883498e-6
3.433727872135368e-6
7.350886349827344e-7
-1.9148710614689026e-6
-4.509789322425803e-6
-7.043444317072855e-6
-9.50976840573302e-6
-1.190286189436204e-5
-1.4217006385092287e-5
-1.6446677692531803e-5
-1.8586558296589004e-5
-2.063154930372568e-5
-2.2576781889734787e-5
-2.441762819839345e-5
-2.614971167166475e-5
-2.7768916788485682e-5
-2.927139819060333e-5
-3.065358917539605e-5
-3.1912209537128875e-5
-3.304427273964941e-5
-3.4047092405130485e-5
-3.4918288105088845e-5
-3.565579044156818e-5
-3.625784540806235e-5
-3.672301802145604e-5
-3.705019521798064e-5
-3.723858800792668e-5
-3.728773288559173e-5
-3.719749249269407e-5
-3.6968055535235416e-5
-3.659993595554201e-5
-3.609397136294852e-5
-3.545132072832497e-5
-3.467346134934807e-5
-3.3762185095120796e-5
-3.271959394040029e-5
-3.154809480134483e-5
-3.0250393686287648e-5
-2.8829489176625257e-5
-2.7288665254436906e-5
-2.563148349494355e-5
-2.3861774643351306e-5
-2.198362959703071e-5
-2.0001389815310775e-5
-1.791963718045635e-5
-1.574318333462618e-5
-1.3477058518763047e-5
-1.1126499940476151e-5
-8.696939699000622e-6
-6.19399229628576e-6
-3.623441764146627e-6
-9.912284382439251e-7
1.6965645896145459e-6
4.433725308684169e-6
7.213926883258273e-6
1.0030741970144974e-5
1.2877657225968102e-5
1.574808797025835e-5
1.8635392970049947e-5
2.1532889311504147e-5
2.4433867323996594e-5
2.7331605522079973e-5
3.0219385530811556e-5
3.309050696007408e-5
3.5938302193759817e-5
3.8756151059993297e-5
4.153749534896833e-5
4.427585314543529e-5
4.696483294343361e-5
4.9598147511483966e-5
5.216962747715175e-5
5.4673234600670396e-5
5.710307470814569e-5
5.945341025577838e-5
6.17186724975121e-5
6.389347322955616e-5
6.597261608632265e-5
6.795110736348087e-5
6.982416634503546e-5
7.158723511260121e-5
7.32359878163495e-5
7.476633938846317e-5
7.617445368132561e-5
7.745675101410872e-5
7.86099151128857e-5
7.96308994308988e-5
8.051693283713288e-5
8.126552466289652e-5
8.187446909767644e-5
8.23418489271168e-5
8.266603860756616e-5
8.284570667323784e-5
8.287981747363275e-5
8.276763224047895e-5
8.250870948504212e-5
8.210290472825189e-5
8.155036956766943e-5
8.085155008688409e-5
8.000718461447168e-5
7.901830084116574e-5
7.788621230538705e-5
7.661251425873844e-5
7.519907892449972e-5
7.364805016354805e-5
7.19618375634775e-5
7.014310996799894e-5
6.819478846495395e-5
6.612003885249235e-5
6.392226360410958e-5
6.160509335434365e-5
5.9172377927971756e-5
5.6628176936525585e-5
5.3976749966862524e-5
5.1222546387385835e-5
4.8370194798283155e-5
4.542449215288498e-5
4.239039257787947e-5
3.927299592070214e-5
3.6077536052922185e-5
3.280936895887755e-5
2.9473960639165427e-5
2.6076874858876938e-5
2.2623760770674298e-5
1.912034044292679e-5
1.557239632319474e-5
1.1985758667314231e-5
8.36629296424572e-6
4.719887386678909e-6
1.0524402971420593e-6
-2.6301521609570608e-6
-6.322008358314872e-6
-1.001727333216615e-5
-1.3710130768111457e-5
-1.7394814783889717e-5
-2.1065621488304592e-5
-2.4716920289240005e-5
-2.8343164925493363e-5
-3.193890419800064e-5
-3.549879237692977e-5
-3.901759926209291e-5
-4.24902198751222e-5
-4.5911683762930365e-5
-4.92771638930818e-5
-5.258198512285081e-5
-5.5821632224935456e-5
-5.899175745403022e-5
-6.208818763971977e-5
-6.51069307924487e-5
-6.804418221065397e-5
-7.089633007847725e-5
-7.365996054484949e-5
-7.633186227612089e-5
-7.890903047580067e-5
-8.138867036637541e-5
-8.376820012958905e-5
-8.604525330297348e-5
-8.821768063183185e-5
-9.028355137728122e-5
-9.224115408235771e-5
-9.408899679956719e-5
-9.582580678463894e-5
-9.745052966258085e-5
-9.896232807346574e-5
-0.0001003605798066717
-0.00010164487543357656
-0.00010281501544993702
-0.00010387100694038586
-0.00010481305977864719
-0.00010564158237818581
-0.00010635717700908446
-0.00010696063469797464
-0.00010745292972882552
-0.00010783521376331938
-0.00010810880960042465
-0.00010827520459558723
-0.00010833604376072275
-0.00010829312256689424
-0.00010814837947219483
-0.00010790388819792881
-0.00010756184977669878
-0.00010712458439644869
-0.00010659452306488794
-0.00010597419911904174
-0.00010526623960490638
-0.00010447335655236897
-0.00010359833817065701
-0.00010264403998961951
-0.000101613375972113
-0.00010050930962266713
-9.933484511743534e-5
-9.809301848020982e-5
-9.678688882897387e-5
-9.54195297171044e-5
-9.399402059290859e-5
-9.251343840068686e-5
-9.098084934596376e-5
-8.93993008469164e-5
-8.777181369335919e-5
-8.610137443392337e-5
-8.439092801128647e-5
-8.264337066448102e-5
-8.086154311643024e-5
-7.90482240639354e-5
-7.72061239863704e-5
-7.5337879288327e-5
-7.344604679040831e-5
-7.153309858128206e-5
-6.960141724299122e-5
-6.765329146037104e-5
-6.569091202425424e-5
-6.37163682369463e-5
-6.173164472724405e-5
-5.973861868103567e-5
-5.773905749228275e-5
-5.5734616837924806e-5
-5.3726839178994916e-5
-5.171715268897155e-5
-4.9706870609128295e-5
-4.769719102939002e-5
-4.568919709195759e-5
-4.3683857613718135e-5
-4.1682028122241845e-5
-3.9684452298960175e-5
-3.7691763821930166e-5
-3.5704488599435056e-5
-3.372304738453928e-5
-3.174775875960576e-5
-2.977884247872178e-5
-2.7816423154946273e-5
-2.5860534278290832e-5
-2.3911122549400317e-5
-2.196805251299377e-5
-2.003111147425383e-5
-1.810001468055119e-5
-1.6174410750128275e-5
-1.425388732865028e-5
-1.2337976953889834e-5
-1.0426163108206955e-5
-8.517886437956827e-6
-6.612551118472199e-6
-4.709531342855214e-6
-2.8081779124644807e-6
-9.078249066812585e-7
9.922035906782634e-7
2.8925867310994814e-6
4.794000130154709e-6
6.697109108260967e-6
8.602561966296758e-6
1.0510983318878348e-5
1.2422967507917882e-5
1.4339072118859398e-5
1.6259811621703023e-5
1.8185651158562566e-5
2.011700049908314e-5
2.205420818457337e-5
2.3997555881159528e-5
2.5947252961668052e-5
2.790343133530005e-5
2.9866140543438746e-5
3.183534313917027e-5
3.381091036729046e-5
3.5792618160699175e-5
3.778014346817388e-5
3.97730609275681e-5
4.177083989747364e-5
4.377284185936066e-5
4.577831820112944e-5
4.778640839191367e-5
4.9796138556833984e-5
5.1806420459238456e-5
5.381605089678836e-5
5.582371151653429e-5
5.7827969052904856e-5
5.982727599129691e-5
6.181997165870212e-5
6.380428374154794e-5
6.577833022967643e-5
6.774012178411641e-5
6.968756452504788e-5
7.161846323510871e-5
7.353052497194586e-5
7.542136308268712e-5
7.728850161179497e-5
7.912938009257099e-5
8.094135871140734e-5
8.272172383274069e-5
8.446769387154607e-5
8.617642549912657e-5
8.78450201669087e-5
8.947053093194643e-5
9.104996956686423e-5
9.25803139360528e-5
9.4058515619051e-5
9.548150776122102e-5
9.68462131310472e-5
9.814955236266796e-5
9.938845236158137e-5
0.00010055985485086087
0.00010166072503466086
0.00010268806035531136
0.00010363889931987126
