15.643649477282729
15.468758489676642
15.634374526366875
15.499900992507351
15.581974095491928
15.470377005483808
15.692621764911857
15.521182131772607
15.707481504509976
15.583486727714774
15.29718029650312
15.3439810472425
15.752895334494212
15.444803341189525
15.521782708401016
15.812790482620533
15.778788256882653
16.145420933455704
15.618393239133315
15.659567159764366
15.597388202634672
15.603930815648978
15.634997243967208
15.461878893811443
15.583837967032032
15.645474797512646
15.868868242578603
15.935463714656168
15.676628348925973
15.973856294555937
15.63728791981619
15.697547500971377
15.58594193310268
15.484958723734609
15.906848539541599
15.85857762109994
15.36371722811105
16.304579931341284
15.84696075087508
16.017397709663577
15.911745561890834
15.923535318464703
16.101946323960863
16.066945433134105
15.9963224426124
16.20103482997738
16.518634167519078
15.959067525130745
16.28902653184007
16.48107765262301
16.030034213896943
16.350762387972384
16.368557441756582
16.302174766991776
16.393202093708453
16.333287123779602
16.213242169510373
16.38043271699417
16.010651565652076
16.186168890528844
16.424969966720106
16.651939771870136
16.36200526982021
16.703694778462026
16.699676510049702
16.258341535336477
16.143201012853822
16.38087199175634
16.531996366361227
16.574129621350476
16.415378163533752
16.431415806446214
16.505753078293285
16.684215370295135
16.891638990190607
16.532016814340587
16.66774968874948
16.54138833997316
16.656862977996926
16.620867972326366
16.798093171007377
16.641224081870185
16.59775016368528
16.961354755905347
16.897692090178296
16.422788239577088
16.743641390044925
16.941427859838488
16.736256908199778
17.029267662546285
16.696769264151435
17.026664936356138
16.75754102081576
16.491649743325564
16.555303154463363
17.16560560559738
16.99028880933199
16.79078556102539
17.081628681426626
16.478444193223254
17.120090726381136
16.928634462974784
17.35088676364633
16.76268215614223
16.824948935523622
17.003085691487822
17.108340873777035
17.08941265835238
16.563552256440357
17.010950106796212
16.928982740687065
17.17188317759034
17.56112552121282
17.37261364201957
17.222928803765992
17.624693855459054
17.297002106785143
17.213017880439182
17.18591516161624
17.505960248668934
17.431446394090877
17.459254302327725
17.11153015260171
17.334397037651403
17.45557787022128
17.521875369282355
17.57916513703467
17.641026476259942
17.045636907943994
17.547722715437356
17.640403231869165
17.282218271830274
17.59825965202226
17.52444181519699
17.915526261289997
17.675762765907795
17.596152395831023
17.933071794233378
17.83168606534878
17.784102899621082
17.875191959696952
17.801431180648656
17.9235816000208
17.855019764695992
17.393827945494568
17.86202958850888
17.745073691135904
17.82088451381815
17.967564232127042
17.887909310101403
17.813468211421576
17.651543795629543
18.127648965210252
17.922985307695992
17.64233314591618
17.8961964310082
18.438886041967102
18.041449484873585
18.112517901069964
17.74651719069832
17.949348153143415
18.21796209824645
18.190906501228508
18.115311821940395
17.98808176695145
18.171560304460055
18.30274042628685
18.23836363079301
18.23861271086353
18.174846033027805
18.3984652749544
18.19922262152216
18.378666771537965
18.628905209302218
18.23305768277651
18.547788365434787
18.011544725952913
18.306826961846607
18.367819072253354
18.3566509818707
18.540522478664872
18.330648177827925
18.40307298720478
18.238944900956287
18.500954986407137
18.59687023480585
18.503982198065277
18.49103559853766
18.410337299670637
18.194045656506454
18.73480048677283
18.545759387704198
18.169758680376383
18.62028190615288
18.47436031614755
18.649875268522887
18.85315494273288
18.37630407066852
18.30834177814554
18.502844565681595
18.497497896677235
18.62592609009783
18.611861558452514
18.33958460805334
18.52221634364393
18.518316985154453
18.825447654528233
18.615681690076777
18.529264947675184
18.494778645140116
18.416745248349148
18.45859228211978
18.614744952683566
18.451126600802347
18.425087525838073
18.63676298602624
18.39580199533756
18.4311135986324
18.488719554886924
18.59064219509521
19.16828336265212
19.000409419420055
18.675204472120075
18.68186333988853
18.873863042322697
18.8150587960777
18.586746245269662
18.849899661538938
18.75206895310421
18.890607850697076
18.859918539290295
18.77794832730406
18.928855988536583
19.22959511913665
18.92720188170729
18.987852053339815
19.014321125400663
18.874521208070828
19.09591814842117
19.00604871563245
19.07008192087153
19.234346538334616
19.46358037685407
18.942987705567152
19.309419451900062
19.497649940075156
18.943269029156568
18.77916707298511
18.628207594721648
19.45860733951419
19.286741199686205
19.32625815191281
19.008874283077265
18.614258098014098
19.21004497317958
18.982636463141638
19.166786717901765
18.903267440180183
19.08974663087063
18.803452944147192
18.76342625425768
19.35570071912422
19.174284209094218
19.127544358227755
19.2939709134801
18.793321500032395
19.029681827993215
18.60282146826597
19.02901850581997
19.251904501584963
19.156207538934243
19.220874164048215
19.17848958294794
19.057917259355136
18.90379260634764
19.416769244953098
19.101813208442653
19.10282198746939
19.179389625276265
18.85974229238238
19.05983282466903
18.916114985842487
19.047742167688288
19.218797299516005
19.075336900779
18.845197733223273
18.930369899105212
19.000978169912486
19.16906675007437
18.83535825930316
19.28701217689054
19.00514516727896
19.157367252045038
19.423513021000787
18.942491372191824
19.22981993712781
18.587010114215165
18.930702030341973
19.34415457795683
19.01220524160279
19.496129294645485
18.88069268416031
19.036537633040172
18.808576904009556
19.098484699622365
18.756395840846178
18.905805734786707
19.021778495608952
19.113018382808427
18.922946622538266
18.86598152285445
19.029215591837495
19.126826476692504
19.26521521008476
19.20783933298536
19.021851965362735
18.975241685439503
18.92028592872732
18.893530779966184
18.989914226674397
19.16198828513874
19.237581385042887
18.94434621906838
18.865233775069665
18.87896309642465
18.913770990522842
19.030323345022587
18.427144946551756
18.995510376292536
19.036535932943394
18.672739370305518
18.800156046518797
18.941432410428288
19.020243750057368
19.178748194065285
18.522033786479
19.024183623764674
19.07004896444307
18.732611680636236
18.95295627440823
18.816120317668176
18.886929379011406
18.768459534937413
18.748154367251768
18.964966012758563
18.936070777923245
18.489061505520876
18.83855090012866
18.232632781916674
18.876241079915303
18.55473744293943
18.506806357573748
18.778527336306336
18.833517366011034
18.602254763397013
18.75496198561144
18.652934075141754
18.836200107014058
18.935800206370686
18.770961987377387
18.691723337289
18.665624303341406
18.5837842739259
18.44666434687172
19.037137733573925
18.762594705780852
18.91670073191493
18.87267867077559
18.761586412079158
18.959057761203976
18.68429313233858
18.72894573046494
19.07486681155077
18.912267675881775
18.942040511541837
19.047528747831652
18.658944259528976
18.620088947488032
18.865452033026358
18.85987286624185
18.97178951665634
18.689158402345146
18.82638077853187
18.842048717342074
19.041315911375566
18.683703727699758
18.634006145843397
18.503619028219195
18.691032442350163
19.06564030118406
18.597715796235335
18.76488760725413
18.76830960586307
18.737941214116255
18.397580153791264
18.855400983719445
18.812558324247718
18.691186910337155
18.743064888681957
19.052271579727204
18.703462026115755
19.05958641033559
18.857138306149373
18.735712281551262
18.938925750661866
19.218072867796227
18.837961785648076
18.849961984115833
19.028702380487843
19.443977311531242
19.064285800743946
19.087097964782725
18.853800097788806
18.923392648136968
19.00372948974445
19.214824375102285
19.125924005818284
19.63551273401495
19.517988954822872
19.315869462969978
19.564332042717616
19.605776591405338
19.513269119671687
19.718330957389252
19.799272844787865
19.96652954923341
19.585462474048914
19.66102462084408
20.0705220165033
20.24099352696923
20.238124981390833
20.803474792900328
20.37780868033893
20.42049581521474
20.58837358199669
21.08828490671578
21.138679666684492
21.422543590416108
21.28155543613513
21.747939370136677
21.702759033035633
21.728108136565726
22.33301137625269
22.338295080506416
23.13844830859041
23.2740178869148
23.591771602871862
23.76553397114703
23.81191334168909
24.738102451496676
24.853130522204907
24.58930679680816
24.237813964850012
25.079618813246185
24.94257570292387
25.504525616777197
25.28542763279414
25.910475693705795
26.03285081349664
26.13992198756406
26.573906082654318
26.52139928011875
26.248903284327874
26.673156292539062
26.43623069092871
27.06844478600687
27.135631504642735
26.993563019503974
27.48845738281068
27.571250736316813
27.647022680984694
27.930848301469506
27.248552139678505
27.504721741708117
27.7330987868228
28.10383739059987
28.072422674970927
28.13768282751853
28.214168912219154
28.411918312254183
27.843327275725812
27.99326977993778
28.039207223968667
28.313158215997586
28.147495696400266
28.295963617925118
28.161985116726704
28.154711080660107
28.212650937742296
28.270616939991793
28.278474082511043
28.156429296239388
28.720005633463924
28.849269128788826
28.63675172203921
28.948635251995775
28.827655058220728
28.943640702099177
28.927384897326156
29.049782403276406
28.733911298406863
28.95304064790666
28.787975376218824
28.792651973052383
28.689024622627027
29.108207437030376
29.313017711522583
28.845249330762503
28.959865340369067
29.234419376288702
29.122272391513985
29.314398251564537
28.78297879540903
28.858302385799615
28.96262548577226
29.15300744608312
29.074037367876677
28.91475053460567
29.45078241016582
29.248516159038353
28.860774200538735
29.181024836627397
28.69204962084621
28.81685912462242
28.950025916013395
28.76903278676045
29.008913294273604
28.939832290481704
28.81722688218172
29.170494484961107
29.216782639549667
29.371181933710723
29.32274395859663
29.074018308198664
29.22743828696056
29.351926091662996
29.665297807257353
29.469403386823924
29.227915905832894
29.860510216429734
29.53073539421484
29.84998494156005
30.043288514734307
29.913275778302978
29.786225474465624
29.874007164539385
29.617528930312638
30.096059761986574
30.042105183459267
29.99234206905308
29.957190103950012
30.21580211076888
30.102541856798865
29.457748223748172
29.69221448382997
29.39829946075848
29.2182671238115
29.13613701566319
28.844781158372406
28.77911864067922
28.85266364650493
28.581446171648246
28.67548008434019
27.96898128967907
28.010006146092817
28.462712321364457
28.001549549485873
27.92670762147222
27.306371855513767
27.68812025654008
27.637446588567087
27.94313874913955
27.577581903386758
27.534234235669608
27.19594540652927
27.37738732848632
26.787597142188414
26.712938707292953
26.426679231569025
26.76776966387501
26.460914248483686
26.495580207240966
26.236122207058088
26.636715699114024
26.249639693647715
26.47619565860074
26.343126363990454
26.301469012147372
26.070202091270836
26.62240596226861
26.63183780391904
26.679528989418436
26.842049463251165
26.73764915862594
26.951931968105093
27.247931405249865
26.660275547350253
27.102427516031035
27.23129153937107
26.88657788498823
27.3655915358131
27.298838223250094
27.280184443512898
27.368253810146797
27.285314520387583
27.504558520508372
27.278912362809713
27.463252077470898
27.46812500498701
27.76840392302292
27.842442940296355
27.349685684183285
27.470310354439256
27.40630362724605
27.8990589592723
27.46897435374475
27.296856004543947
27.4728871719098
27.432360853752616
27.864684068768632
27.577503294389356
27.585119553589927
27.734277327812677
27.367526368847276
27.78825669695599
28.28968443350114
27.955491448854023
27.84579094752604
27.984598978454354
27.904510411614215
28.053445728459295
28.13386351563525
28.027585719620667
28.22486899239003
28.319928012632083
28.526279896820352
28.13398265825727
28.333560758111414
28.251033547600606
28.274746028903454
27.765650252792142
27.341908359024497
27.68584152135346
27.844839628352968
28.156164594326114
27.995919798800376
27.92224459550214
27.646067106839883
27.452249364058105
27.434599090174636
27.562699215608
27.407425164442536
27.179357284819524
27.563435085374593
27.741337170429404
27.743114185993456
27.257797583042887
27.517841320061212
27.66254887595509
27.4776481872775
27.75333588881992
27.823029380595244
27.7423508565015
27.983394461688732
27.523422088525745
27.866612341671324
28.05751643109945
27.845545796828116
28.01445640825602
28.151331238415718
28.476011283164876
28.61399469892435
28.074444596467366
28.20967325364681
28.479307551835134
28.02079357974704
28.215034731294672
28.46347595282583
28.729203396324195
28.579750243989295
28.212219808944567
28.05017200970249
28.146996540198078
28.019592157918396
28.080723806214607
28.376205643323395
28.11022645897345
28.400771547788434
28.17792532358227
27.93783577576266
28.344749967040443
28.154001567967928
28.24129338468957
28.351063145389052
28.475221306769967
28.226241185048014
27.97235092110455
28.29715401068776
28.208226130646256
28.154000571789222
28.12557260611534
28.537264324302775
28.3279198671932
28.545442980273815
28.295370204666312
28.02986703592844
27.914303467866333
28.4919664456709
28.091661532679833
27.726051811281817
28.046031663472952
27.7340388219219
28.265868511337537
27.9534686641448
28.28403504004638
28.243174906359258
28.292996711039546
28.1977482625694
27.982953674840143
28.519554105840363
28.26872440987439
27.755181309839354
27.36191914871278
27.75100287569753
27.244285778864327
26.727219341566126
26.93860859548018
26.963731668203355
26.381845264689222
27.454257335279724
26.75706253007061
26.963112708591538
26.903374862953847
27.46819719150762
27.463901066082393
27.440254308755634
27.133308968313855
27.458485396001738
27.127193033287913
27.60889440976479
27.07299231569358
27.1257150277117
27.208213004333906
27.226947509223194
27.042545314962645
27.55623713285216
26.998895321680212
26.73142375869556
26.889823534706807
26.354423105095563
26.283187053578885
26.2639648790287
26.30980011043297
26.244792077950706
26.052560972591177
26.050972737032502
25.774838141748486
25.780395150100357
25.84731616330266
25.937167706797542
25.754989565903212
25.480404037354724
25.902438400229844
25.532778377322433
25.2727550075592
25.34183572046463
25.157920022473608
25.495145244113544
25.66262713869118
25.399673191500582
25.228238701929456
25.31516537553375
25.7022909168081
25.824067460008557
25.63525917230284
25.22901165546431
25.202680199835555
24.883511644381763
24.838987525894776
24.415967474643665
24.37110767742651
24.31101922968488
24.111452521140144
24.03976956326633
23.943915794051343
24.055216018972143
24.00528988733804
23.724276122514816
23.578257156273335
23.524169671181408
23.608414108557938
23.75503233054497
23.65494667569159
23.936999979669082
23.649221484107276
23.75567008968494
23.431816417750568
23.219644087052327
23.241861712890557
22.647763470070124
22.881110720283907
22.001826231677615
22.036224646397194
21.945158429286106
21.213013764220566
21.262499575713264
20.514143703895773
20.187695486217283
20.132395493385033
19.55699032144611
20.03473897655477
19.924550757884685
19.60508856132863
19.9057848753784
19.986215508855505
19.921700722971092
19.864242743699258
19.78255978571053
19.840604243852273
20.007431636057955
19.605821161935225
20.015024294268628
19.342308211607282
19.61310960413687
19.739458290473433
19.665309845452843
19.313468910084364
19.678090532555785
19.776703850373245
19.686458181525833
20.0694030715649
20.186988936993767
19.7459056660105
19.874923111208755
19.811161207873106
19.76355497887302
20.31067387066325
20.10603528017604
19.8547172831209
19.992056655816064
19.994329859140592
20.18467410523426
19.684955456035084
20.694680643252333
20.315422597991567
20.386012362792176
20.27596828752228
20.1546854009381
20.186774664500803
19.736495269390744
19.7370910981351
19.4988396814922
19.81977357826967
19.404526459383245
19.064998671956587
18.661113429366438
18.825928947265695
19.07438202833421
18.706221480683197
18.770739759810894
18.87437481906622
18.64624429701214
18.89383812498568
19.16588480846168
18.982713570621797
18.75832491577725
19.00146047069715
19.130645777300057
18.815013949650258
19.225404397794026
19.139166281942607
19.192834896780862
19.186370998125067
19.320790971941516
19.43952543726372
19.602624773507678
19.863144630931906
19.696321509105097
19.802303466778287
19.7461027141827
19.903751340023312
19.71287529932207
20.931489392795736
20.095194718371605
20.164364444986674
20.45308935045331
20.56714301275722
20.313044808102752
20.59691151197664
20.629209648062222
20.473757374413875
20.134806659756578
19.79340860536509
19.961714271207903
19.663278242568072
19.72295584726501
20.11948399425741
19.914627433020218
19.130333591899674
19.697513739799675
19.348288388945708
19.000135467565492
19.29502576686865
19.2485468826019
19.45493156784379
19.620664608883743
19.47114104953827
19.586680178643395
19.74914788092163
19.404805884737836
19.911560804551733
20.164809736531925
20.17839115468311
20.046860357243872
20.52611761611437
20.10808130773147
20.377870739385788
20.498574362786872
20.179921150893847
20.4180819219853
20.716836844487005
20.9786175864264
20.51031231379552
20.95226289287005
21.478687688486247
21.812701326216295
21.522365057658007
21.39299721792133
22.12872564675339
22.307723662227538
22.271111484090135
22.173173599382366
22.734259534689137
22.9569311761724
22.96270037602528
23.005870724105254
22.985857025418607
23.382081744970293
23.462942533061888
23.904966853364634
23.37089187719505
24.02062104517304
24.28829397867005
24.020250817112952
23.99909777985791
24.025522066970396
23.97552171954498
24.3688930419204
24.236398951498945
24.085130452140437
24.038538114422135
24.85630478151571
24.807379619471188
24.224903601525416
24.686035456024367
25.04621318416648
25.31742004321836
25.47932731953255
25.290689680697508
25.713132942925956
26.45677171143054
26.61056538426467
27.17895428269772
26.524126228576737
27.816656759122726
27.860190779623412
27.929567514572575
28.07367819148012
29.31777863509947
29.432231544880164
28.927473491590607
28.815401862475788
28.92749293992024
29.091461841851405
28.969716283131085
28.342360276776308
28.231281837538965
27.263682682258377
27.025388873079294
27.05918723194091
27.345365511757826
27.62919874530727
28.52983142069063
28.659735875228336
29.97399364247744
29.856515567334206
29.085431330638524
28.653466901117906
28.245584663520344
28.57531522688402
28.68955122627093
28.4267156200273
28.122918505608222
28.139280223489493
28.349947579181986
27.813312955569955
27.900744731993324
27.851113101896026
27.659968568588347
27.664010272983244
27.49055073059154
