0.0
0.0
0.0
3.4988068023258326e-6
1.3988071278358315e-5
3.49451487049907e-5
6.98259915981226e-5
0.00012205809119737648
0.00019503348364327338
0.0002921018367379201
0.0004165636329931939
0.0005716634644469048
0.0007605834544679972
0.0009864368214771303
0.001252261599179649
0.001561014527544798
0.0019155651283688968
0.002318689978832017
0.002773067195998491
0.0032812711447224286
0.003845767380901436
0.004468907841476219
0.005152926292001884
0.005899934042019988
0.006711915937840036
0.007590726641696711
0.008538087205586128
0.00955558194740238
0.01064465563629622
0.011806610993462535
0.013042606513833935
0.014353654613416183
0.015740620106248795
0.01720421901421304
0.018745017712141227
0.020363432409907678
0.02205972897240467
0.02383402307752804
0.02568628071151848
0.02761631900022819
0.029623807374109638
0.031708269063956164
0.03386908292366437
0.036105485575537714
0.038416573872910996
0.040801307674148475
0.04325851292135566
0.045786885016448044
0.0483849924865411
0.05105128092996569
0.05378407723357404
0.05658159405138428
0.05944193453401802
0.06236309729781718
0.06534298162198379
0.06837939286157203
0.07147004806367567
0.0746125817736979
0.07780455201816516
0.08104344645015325
0.08432668864303257
0.08765164451791282
0.09101562888987366
0.09441591211780988
0.09784972684249675
0.10131427479729452
0.10480673367576
0.10832426404031986
0.11186401625608253
0.11542313743382593
0.11899877836619495
0.12258810044117656
0.12618828251699113
0.12979652774264605
0.1334100703085414
0.13702618211169715
0.14064217932038653
0.1442554288232106
0.14786335454793287
0.15146344363571174
0.1550532524567185
0.15863041245351187
0.1621926357989535
0.16573772085589283
0.1692635574263219
0.17276813177820124
0.17624953143868455
0.1797059497430222
0.18313569012899916
0.18653717016736154
0.18990892531930548
0.19324961241274125
0.1965580128297023
0.1998330353979431
0.20307371898045737
0.20627923475735138
0.2094488881952186
0.21258212069988658
0.21567851094913812
0.21873777590274568
0.22175977148790196
0.22474449295887405
0.2276920749304555
0.23060279108553738
0.2334770535578624
0.23631541199176695
0.23911855228144938
0.24188729499303
0.24462259347338558
0.24732553165044782
0.24999732153035012
0.25263930039748667
0.255252927724213
0.2578397817975648
0.26040155607100085
0.26294005524978487
0.26545719111920874
0.26795497812542546
0.2704355287191994
0.2729010484733995
0.2753538309855489
0.2777962525772073
0.2802307668023967
0.2826598987776843
0.28508623934691146
0.2875124390939012
0.28994120221678676
0.292375280277885
0.29481746584328183
0.29727058602651296
0.2997374959508993
0.3022210721452437
0.30472420588770344
0.3072497965127329
0.30980074469602736
0.3123799457324106
0.3149902828215775
0.3176346203765431
0.3203157973695538
0.3230366207300844
0.3257998588093848
0.3286082349258421
0.3314644210051976
0.3343710313293961
0.33733061640755907
0.3403456569822471
0.34341855818383255
0.3465516438454218
0.34974715099036385
0.3530072245039489
0.3563339120004451
0.3597291588961411
0.36319480369855844
0.3667325735214742
0.370344079834849
0.3740308144581926
0.3777941458053183
0.38163531538784146
0.385555434584166
0.38955548168007886
0.39363629918643805
0.39779859143879426
0.40204292248313284
0.4063697142512637
0.4107792450287212
0.41527164821736773
0.41984691139422586
0.4245048756673913
0.42924523532921194
0.43406753780625096
0.43897118390489126
0.44395542835078183
0.44901938061968044
0.454162006056607
0.459382127279594
0.46467842586370545
0.4700494443003919
0.47549358822666193
0.4810091289179792
0.4865942060382402
0.4922468306396517
0.4979648884048127
0.5037461431228105
0.5095882403906691
0.5154887115310376
0.5214449777165839
0.5274543542911571
0.5335140552774071
0.539621198060207
0.5457728082348973
0.5519658246090844
0.5581971043464596
0.5644634282408694
0.5707615061086637
0.5770879822871746
0.5834394412270278
0.5898124131658791
0.5962033798710776
0.6026087804387076
0.6090250171364305
0.6154484612775605
0.6218754591138344
0.6283023377344098
0.6347254109587136
0.6411409852108884
0.6475453653637359
0.6539348605402363
0.6603057898609274
0.6666544881256621
0.6729773114185226
0.6792706426249507
0.6855308968504653
0.691754526730667
0.6979380276225853
0.7040779426677972
0.7101708677181419
0.7162134561152697
0.7222024233156966
0.7281345513534825
0.7340066931331153
0.7398157765456636
0.7455588084017477
0.7512328781753844
0.7568351615532709
0.762362923784597
0.7678135228270009
0.7731844122848202
0.7784731441363287
0.7836773712471915
0.7887948496679148
0.793823440713613
0.7987611128249567
0.8036059432097082
0.8083561192647881
0.8130099397793459
0.8175658159198379
0.822022271998629
0.8263779460281448
0.8306315900631001
0.8347820703338129
0.8388283671740923
0.8427695747476404
0.8466049005773618
0.8503336648823957
0.8539552997281004
0.8574693479946135
0.8608754621699841
0.8641734029742274
0.8673630378209871
0.8704443391238033
0.8734173824542717
0.876282344559651
0.8790395012477155
0.8816892251468732
0.8842319833497665
0.8866683349487405
0.8889989284717164
0.8912244992271235
0.893345866566646
0.8953639310746061
0.8972796716928563
0.8990941427900715
0.9008084711843286
0.9024238531278306
0.9039415512625808
0.9053628915557321
0.9066892602232355
0.9079221006502847
0.9090629103169073
0.91011323773688
0.9110746794179512
0.9119488768511436
0.9127375135366712
0.9134423120537534
0.9140650311813339
0.9146074630764236
0.9150714305164768
0.9154587842118873
0.9157714001943531
0.916011177286504
0.9161800346578239
0.9162799094715195
0.9163127546266032
0.916280536599059
0.9161852333855554
0.9160288325527601
0.9158133293948918
0.9155407252017222
0.9152130256388203
0.9148322392413987
0.9144003760227004
0.9139194461974335
0.913391459020337
0.912818421739543
0.9122023386639773
0.9115452103436343
0.9108490328611544
0.9101157972327336
0.9093474889160131
0.9085460874222115
0.9077135660294018
0.9068518915934789
0.9059630244530237
0.9050489184239427
0.904111520879454
0.9031527729106915
0.9021746095629276
0.9011789601421494
0.9001677485864862
0.8991428938967636
0.8981063106202566
0.897059909381534
0.8960055974541267
0.8949452793666118
0.8938808575365905
0.8928142329259396
0.8917473057106489
0.8906819759585018
0.8896201443078363
0.8885637126406125
0.8875145847430401
0.8864746669470547
0.8854458687459994
0.8844301033779575
0.8834292883702876
0.8824453460390478
0.8814802039371479
0.8805357952452413
0.8796140590995672
0.8787169408511659
0.8778463922511255
0.8770043715567735
0.8761928435539976
0.8754137794911684
0.8746691569204427
0.87396095944255
0.8732911763514963
0.8726618021759717
0.8720748361146107
0.8715322813626281
0.8710361443277359
0.8705884337336448
0.8701911596098519
0.8698463321668304
0.869555960556147
0.869322051515461
0.8691466078987735
0.8690316270927301
0.8689790993202018
0.8689910058327983
0.8690693169943933
0.8692159902581635
0.8694329680400625
0.8697221754920634
0.870085518178912
0.8705248796625318
0.8710421189986106
0.8716390681502818
0.8723175293241793
0.8730792722345045
0.8739260313010855
0.8748595027877355
0.8758813418875353
0.8769931597619546
0.8781965205410112
0.8794929382919245
0.8808838739639607
0.8823707323173888
0.8839548588446666
0.8856375366921531
0.8874199835907999
0.8893033488044089
0.8912887101041507
0.8933770707781268
0.8955693566848186
0.8978664133593042
0.9002690031811343
0.902777802612751
0.9053933995172863
0.9081162905645236
0.9109468787337098
0.9138854709217942
0.9169322756655314
0.9200874009857231
0.9233508523616805
0.9267225308437819
0.9302022313117588
0.9337896408860871
0.9374843374995737
0.9412857886359269
0.945193350241769
0.9492062658182028
0.9533236656976775
0.9575445665115081
0.9618678708530011
0.9662923671407122
0.9708167296859262
0.9754395189679899
0.980159182120662
0.9849740536321633
0.9898823562611098
0.9948822021700132
0.9999715942775139
1.0051484278299891
1.0104104921926502
1.0157554728597067
1.0211809536826333
1.0266844193150366
1.0322632578720696
1.0379147638018018
1.0436361409654071
1.0494245059224911
1.0552768914173458
1.0611902500613857
1.067161458206497
1.073187320003518
1.0792645716395584
1.0853898857473756
1.0915598759795404
1.0977711017396585
1.104020073062457
1.1103032556341124
1.1166170759437732
1.1229579265568306
1.1293221715001085
1.1357061517487852
1.142106190804519
1.1485186003539325
1.1549396859963252
1.1613657530292074
1.1677931122800147
1.174218085972144
1.1806370136132642
1.1870462578936918
1.1934422105824958
1.1998212984088852
1.206179988916363
1.212514796277085
1.2188222870538459
1.2250990858971298
1.2313418811647099
1.2375474304513565
1.243712566016317
1.2498342000963705
1.2559093300924222
1.2619350436178045
1.2679085233966692
1.2738270520011157
1.2796880164159832
1.2854889124205402
1.2912273487766526
1.2969010512133683
1.3025078661982545
1.3080457644862378
1.313512844437138
1.318907335093555
1.324227599011251
1.3294721348346838
1.3346395796108694
1.33972871083531
1.3447384482242783
1.349667855208342
1.3545161401426022
1.359282657229737
1.3639669071525626
1.3685685374134624
1.3730873423786754
1.3775232630260945
1.38187638639588
1.38614694474386
1.3903353143983583
1.394442014321761
1.3984677043788007
1.4024131833142084
1.406279386443051
1.4100673830577288
1.4137783735562692
1.417413686297193
1.4209747741868781
1.4244632110059607
1.427880687481943
1.431229007115763
1.4345100817706826
1.437725927032406
1.440878657349901
1.4439704809669198
1.447003694654732
1.449980678257065
1.4529038890587138
1.455775855989723
1.4585991736774517
1.4613764963592288
1.4641105316686525
1.4668040343089273
1.4694597996269294
1.4720806571019567
1.4746694637633628
1.47722909755148
1.4797624506364038
1.4822724227093613
1.4847619142614845
1.4872338198648851
1.4896910214709682
1.4921363817409228
1.4945727374232982
1.4970028927935113
1.4994296131700278
1.50185561852183
1.5042835771816099
1.5067160996789333
1.5091557327073732
1.5116049532393532
1.5140661628021335
1.5165416819280415
1.519033744791683
1.5215444940464782
1.5240759758724371
1.5266301352466425
1.5292088114474196
1.5318137338026725
1.534446517692326
1.5371086608142617
1.539801539722549
1.542526406646178
1.5452843865958665
1.5480764747658877
1.5509035342371864
1.5537662939873937
1.5566653472126488
1.559601149965438
1.5625740201119453
1.5655841366116865
1.568631539121465
1.5717161279249505
1.5748376641884385
1.5779957705426024
1.5811899319893046
1.5844194971317846
1.587683679725803
1.5909815605485724
1.5943120895815839
1.5976740885027005
1.6010662534821807
1.604487158276585
1.607935257613827
1.6114088908619522
1.614906285973564
1.618425563697173
1.621964742046118
1.625521741015104
1.6290943875338153
1.6326804206465093
1.6362774969059515
1.6398831959695528
1.6434950263850838
1.647110431552888
1.6507267958510934
1.6543414509099301
1.6579516820208982
1.661554734666203
1.665147821153581
1.6687281273413748
1.6722928194384918
1.675839050863692
1.6793639691484896
1.6828647228678395
1.6863384685826937
1.6897823777784695
1.693193643783462
1.696569488651258
1.6999071699912809
1.7032039877316942
1.7064572907990263
1.7096644836990647
1.7128230329837686
1.7159304735892034
1.7189844150297782
1.721982547434387
1.7249226474104018
1.7278025837218514
1.730620322768533
1.7333739338532532
1.7360615942248663
1.7386815938852904
1.7412323401492096
1.7437123619457324
1.7461203138518653
1.748454979848265
1.750715276788369
1.752900257572656
1.7550091140204607
1.7570411794324605
1.7589959308376573
1.7608729909194
1.762672129615734
1.7643932653901013
1.766036466169186
1.7676019499454487
1.769090085042679
1.7705013900436612
1.7718365333798318
1.7730963325835816
1.7742817532046382
1.7753939073927358
1.7764340521495499
1.7774035872536396
1.7783040528628944
1.7791371267997271
1.7799046215249903
1.7806084808073095
1.7812507760952365
1.7818337026003082
1.7823595750997687
1.7828308234683639
1.7832499879492367
1.7836197141745684
1.7839427479471774
1.784221929794854
1.7844601893097256
1.7846605392854533
1.7848260696655245
1.784959941316347
1.7850653796392562
1.7851456680359195
1.785204141241964
1.7852441785439572
1.7852691968951446
1.785282643945578
1.785287991002472
1.785288725936786
1.7852883460521536
1.7852903509323688
1.785298235283688
1.7853154817882213
1.7853455539846572
1.7853918891925031
1.7854578914959232
1.7855469248031164
1.7856623059970034
1.7858072981927753
1.7859851041176145
1.7861988596276104
1.7864516273765751
1.7867463906511136
1.7870860473859147
1.7874734043728122
1.7879111716767178
1.788401957271043
1.7889482619047241
1.7895524742124225
1.7902168660789124
1.7909435882680775
1.7917346663263245
1.7925919967695876
1.7935173435624407
1.7945123348971568
1.795578460279862
1.7967170679302196
1.7979293625003556
1.7992164031179991
1.8005791017580606
1.8020182219461147
1.8035343777964867
1.8051280333868693
1.806799502470621
1.8085489485271184
1.8103763851497592
1.8122816767704273
1.8142645397184671
1.8163245436114388
1.818461113074164
1.8206735297818224
1.8229609348221105
1.825322331370747
1.8277565876738893
1.8302624403303251
1.8328384978656176
1.8354832445897156
1.838195044728897
1.8409721468222857
1.8438126883725825
1.8467147007400777
1.8496761142684548
1.8526947636303783
1.8557683933803597
1.8588946637019288
1.8620711563357082
1.8652953806745758
1.8685647800117389
1.8718767379271959
1.8752285847977657
1.8786176044155884
1.882041040699774
1.8854961044856693
1.8889799803760576
1.8924898336384786
1.896022817132764
1.8995760782528357
1.9031467658667978
1.9067320372393752
1.910329064920811
1.913935043586429
1.9175471968112061
1.9211627837638554
1.9247791058051396
1.9283935129753622
1.9320034103562624
1.9356062642928458
1.9391996084610232
1.9427810497673064
1.9463482740672045
1.94989905168941
1.953431242753319
1.956942802267924
1.9604317850006394
1.9638963501051565
1.967334765498002
1.9707454119740588
1.9741267870519252
1.9774775085406162
1.98079631781977
1.9840820828261843
1.9873338007401933
1.990550600366097
1.9937317442015594
1.9968766301916137
1.9999847931636465
2.0030559059404616
2.0060897801292685
2.0090863665851897
2.0120457555486184
2.0149681764565117
2.0178539974284497
2.0207037244290245
2.023518000108871
2.026297602327368
2.02904344236077
2.031756562800232
2.0344381351448924
2.0370894570958664
2.0397119495576637
2.0423071533542068
2.0448767256672546
2.0474224362056592
2.049946163114467
2.0524498886334595
2.0549356945152715
2.0574057572137487
2.0598623428537075
2.0623078019937258
2.064744564194045
2.0671751324020677
2.0696020771683266
2.072028030706147
2.074455680808557
2.076887764636276
2.079327062390878
2.08177639088745
2.084238597041248
2.086716551283016
2.0892131409177543
2.091731263441804
2.094273819833178
2.096843707830074
2.0994438152125006
2.1020770131018875
2.1047461492934683
2.107454041636109
2.1102034714740987
2.1129971771652336
2.115837847689312
2.1187281163609017
2.121670554659969
2.124667666193637
2.127721880802013
2.1308355488206443
2.1340109355117733
2.137250215676132
2.140555468456577
2.1439286723443858
2.1473717003985393
2.1508863156878055
2.154474166964888
2.1581367845813593
2.1618755766515116
2.165691825472678
2.1695866842089573
2.1735611738446674
2.1776161804132146
2.1817524525064247
2.1859705990687326
2.190271087479968
2.1946542419298103
2.1991202420863263
2.2036691220603157
2.2083007696665455
2.2130149259822605
2.2178111852027036
2.2226889947927146
2.227647655932812
2.2326863242575246
2.237804010883078
2.242999583720937
2.2482717690730545
2.2536191535040966
2.259040185985302
2.264533180304071
2.270096317732808
2.27572764995001
2.2814251022060645
2.287186476725723
2.293009456338736
2.298891608329677
2.3048303884975545
2.310823145415399
2.3168671248796304
2.3229594745386604
2.3290972486898434
2.3352774132336043
2.341496850773286
2.3477523658490203
2.3540406902937137
2.3603584886990463
2.3667023639792375
2.3730688630201993
2.379454482401604
2.385855674179332
2.392268851715728
2.3986903955450876
2.405116659261834
2.4115439754188777
2.4179686614237603
2.4243870254202844
2.4307953721434763
2.4371900087359
2.4435672505135404
2.449923426669692
2.4562548859055546
2.4625580019764914
2.4688291791432304
2.4750648575175926
2.4812615182926927
2.4874156888479177
2.4935239477193796
2.4995829294269485
2.5055893291493945
2.5115399072396154
2.5174314935723823
2.5232609917175095
2.5290253829318443
2.5347217299639686
2.5403471806660143
2.545898971407515
2.55137443028674
2.556770980135489
2.5620861413138716
2.5673175342921244
2.5724628820170743
2.5775200120613926
2.5824868585543337
2.5873614638931923
2.5921419802352514
2.596826670770526
2.6014139107761376
2.6059021884536757
2.610290105551407
2.614576377773705
2.6187598349805534
2.622839421180461
2.6268141943205903
2.630683325878341
2.634446100259083
2.6381019140051265
2.6416502748214414
2.645090800423993
2.648423217216944
2.6516473588053
2.6547631643498946
2.6577706767719227
2.6606700408144786
2.6634615009688365
2.6661453992734176
2.6687221729936024
2.6711923521907224
2.673556557188723
2.675815495947119
2.6779699613489627
2.6800208284126357
2.681969051436319
2.68381566108403
2.685561761422118
2.6872085269150894
2.6887571993895802
2.6902090849752422
2.691565551031187
2.692828023066539
2.69399798166349
2.6950769594110953
2.6960665378578534
2.6969683444909185
2.6977840497495493
2.698515364080169
2.6991640350401243
2.699731844456963
2.7002206056497378
2.700632160718526
2.7009683779080262
2.701231149050736
2.7014223870948646
2.70154402372175
2.701598007057175
2.7015862994805757
2.7015108755357398
2.7013737199461767
2.7011768257379325
2.700922192472196
2.7006118245896213
2.700247729867868
2.6998319179934254
2.699366399248374
2.6988531833122926
2.6982942781791195
2.697691689188333
2.697047418169424
2.696363462698216
2.695641815463186
2.6948844637395566
2.694093388968543
2.6932705664387693
2.692417965066517
2.69153754727111
2.690631268941425
2.6897010794891902
2.6887489219844425
2.6877767333682203
2.6867864447373178
2.685779981695665
2.6847592647666834
2.683726209860748
2.6826827287917046
2.681630729836223
2.680572118329623
2.6795087972916805
2.6784426680758253
2.6773756310350634
2.6763095861978923
2.675246433947452
2.6741880756971423
2.6731364145559406
2.6720933559767053
2.6710608083807887
2.6700406837523802
2.6690348981960907
2.668045372451423
2.667074032357913
2.6661228092649027
2.665193640380077
2.664288469051132
2.663409244975149
2.6625579243305015
2.6617364698263972
2.6609468506654324
2.6601910424148345
2.6594710267823976
2.6587887912934285
2.6581463288653873
2.6575456372772432
2.656988718530959
2.6564775781028755
2.656014224083184
2.6556006662020493
2.655238914741374
2.654930979331595
2.6546788676333333
2.6544845839041242
2.6543501274509063
2.654277490969347
2.6542686587715294
2.6543256049039416
2.654450291158138
2.654644664976859
2.6549106572588155
2.6552501800657438
2.655665124235755
2.6561573569073778
2.656728718959093
2.6573810223695196
2.6581160475037793
2.6589355403319104
2.6598412095855406
2.6608347238593377
2.661917708664067
2.6630917434383625
2.6643583585265946
2.6657190321304456
2.6671751872420577
2.668728188566801
2.670379339443907
2.6721298787733745
2.673980977957693
2.675933737867046
