0.0
0.0
3.4988068023258326e-6
1.0489264476032482e-5
2.0957077426632386e-5
3.48808428931319e-5
5.223209959925387e-5
7.297539244589692e-5
9.706835309464674e-5
0.00012446179625527374
0.00015509983145371085
0.0001889199900210924
0.00022585336700913313
0.0002658247777025187
0.000308752928365149
0.0003545506008240987
0.0004031248504631198
0.0004543772171664743
0.0005082039487239374
0.0005644962361790076
0.0006231404605747828
0.0006840184505256651
0.0007470077500181043
0.000811981895820048
0.0008788107038566749
0.0009473605638894167
0.0010174947418162513
0.001089073688893841
0.0011619553571663144
0.0012359955203714008
0.001311048099582248
0.0013869654928326126
0.0014635989079642437
0.0015407986979281867
0.001618414697766449
0.0016962965624969936
0.001774294105123367
0.001852257633990439
0.0019300382887097096
0.002007488373881447
0.0020844616898465233
0.002160813859708208
0.002236402651873348
0.0023110882973732846
0.002384733801237481
0.00245720524720718
0.0025283720950923863
0.0025981074700930575
0.0026662884434245893
0.0027327963036083524
0.0027975168178102357
0.0028603404826337427
0.002921162763799164
0.0029798843241666123
0.0030364112395882396
0.0030906552021036354
0.003142533710022218
0.0031919702444672725
0.003238894431988084
0.003283242192879312
0.00332495587488025
0.0033639843719608436
0.0034002832279362138
0.003433814724686875
0.003464547954797761
0.0034924588784654804
0.0035175303645598606
0.0035397522157626696
0.003559121177743399
0.0035756409323690207
0.003589322074981604
0.0036001820758145607
0.0036082452256549144
0.0036135425658953488
0.0036161118031557433
0.0036159972086893945
0.0036132495028240604
0.003607925724722263
0.0036000890877788704
0.0035898088210067694
0.0035771599967933674
0.003562223345441631
0.003545085056939336
0.0035258365704290816
0.0035045743518793368
0.0034813996604833113
0.003456418304337665
0.003429740385976973
0.00340148003836238
0.0033717551519439446
0.00334068709343577
0.0033084004169610633
0.003275022568240767
0.003240683582514279
0.0032055157768940213
0.0031696534378672036
0.003133232504667998
0.0030963902492515336
0.003059264953607553
0.00302199558515629
0.0029847214709720843
0.002947581971581463
0.00291071615508188
0.002874262472325016
0.002838358433904534
0.0028031402896824213
0.0027687427115806315
0.002735298480355575
0.0027029381770622414
0.0026717898799023037
0.002641978867136535
0.0026136273267263026
0.002586854073351793
0.0025617742734360613
0.0025384991787839937
0.0025171358694238938
0.0024977870062167073
0.0024805505937739334
0.0024655197542001006
0.0024527825121493673
0.002442421591658421
0.0024345142251894474
0.002429131975287594
0.0024263405692271553
0.002426199746989695
0.0024287631228856023
0.0024340780610982308
0.0024421855653968317
0.0024531201832311057
0.0024669099243863853
0.0024835761943443452
0.002503133742459776
0.002525590625029447
0.0025509481832945045
0.002579201036383273
0.0026103370891668552
0.002644337554965631
0.002681176993010694
0.002720823360530587
0.0027632380793003795
0.0028083761164573655
0.0028561860793554217
0.002906610324198512
0.0029595850781629577
0.00301504057468806
0.0030729012015854426
0.003133085661589251
0.003195507144942044
0.003260073513585032
0.0033266874964962083
0.003395246895695993
0.0034656448024173287
0.003537769822915743
0.003611506313374789
0.0036867346233435657
0.0037633313471256867
0.0038411695825231996
0.003920119196324557
0.004000047095912853
0.004080817506359186
0.004162292252356194
0.004244331044338594
0.004326791768130903
0.004409530777457475
0.004492403188646549
0.004575263176858146
0.004657964273165448
0.004740359661820626
0.004822302477039039
0.004903646098640278
0.004984244445890556
0.005063952268898635
0.005142625436926542
0.005220121222986994
0.005296298584111482
0.005371018436686472
0.005444143926270016
0.005515540691317285
0.005585077120261003
0.0056526246014114954
0.005718057765160988
0.005781254717997841
0.005842097267858545
0.005900471140368459
0.005956266185546395
0.006009376574573169
0.006059700986250078
0.006107142782799889
0.006151610174690221
0.0061930163741871404
0.006231279737375272
0.0062663238944097
0.006298077867794299
0.00632647617851085
0.006351458939853249
0.006372971938851261
0.006390966705198543
0.006405400567629897
0.006416236697723002
0.006423444141129949
0.006426997836273851
0.006426878620575428
0.0064230732243038225
0.0064155742521747414
0.006404380152847506
0.0063894951765004005
0.006370929320691001
0.0063486982647347045
0.0063228232928605145
0.006293331206428133
0.006260254225514573
0.006223629880201693
0.006183500891918339
0.006139915045211948
0.006092925050344632
0.006042588397127767
0.0059889672004269515
0.005932128037785841
0.005872141779632783
0.0058090834125482755
0.005743031856084127
0.005674069773636665
0.005602283377886494
0.005527762231326084
0.005450599042403831
0.0053708894578192515
0.005288731851508526
0.005204227110862789
0.0051174784207233285
0.005028591045698192
0.004937672111343662
0.004844830384751603
0.004750176055079864
0.004653820514557756
0.004555876140492047
0.004456456078791134
0.004355674029515874
0.004253644034955174
0.004150480270712837
0.004046296840279319
0.003941207573548125
0.0038353258297214947
0.0037287643050338843
0.003621634845704644
0.003514048266513151
0.003406114175370662
0.00329794080424327
0.003189634846759678
0.0030813013028160893
0.002973043330468427
0.0028649621053793736
0.002757156688064473
0.0026497238991577666
0.0025427582028932677
0.0024363515989740455
0.0023305935229758516
0.0022255707554071917
0.002121367339522536
0.00201806450796008
0.0019157406182501696
0.0018144710972152493
0.0017143283942570695
0.0016153819435019464
0.0015176981347501796
0.001421340293151365
0.0013263686675033623
0.0012328404270491352
0.001140809666622667
0.0010503274199726957
0.0009614416810711919
0.0008741974331923691
0.0007886366855276189
0.0007047985170821689
0.0006227191275805044
0.000542431895089738
0.0004639674400531914
0.0003873536954105136
0.00031261598246574843
0.00023977709215090647
0.00016885737131983747
9.987481369556511e-5
3.284515508376499e-5
-3.221802754423482e-5
-9.530321350364948e-5
-0.0001564008327952309
-0.00021550315786830507
-0.00027260419316949827
-0.0003276995629019415
-0.0003807863974216283
-0.00043186321869822
-0.00048092982526696127
-0.0005279871770964723
-0.0005730372807940521
-0.0006160830755657551
-0.0006571283203429166
-0.000696177482480016
-0.000733235628420803
-0.0007683083167204956
-0.0008014014938016218
-0.0008325213928097417
-0.000861674435922902
-0.0008888671404552589
-0.0009141060290809202
-0.0009373975444887232
-0.0009587479687624436
-0.0009781633477638618
-0.000995649420778247
-0.0010112115556632118
-0.0010248546897225848
-0.0010365832765070234
-0.0010464012387225658
-0.0010543119274072977
-0.0010603180875148215
-0.0010644218300213247
-0.0010666246106508324
-0.0010669272152907356
-0.001065329752146996
-0.0010618316506655872
-0.001056431667223828
-0.001049127897572334
-0.0010399177959854516
-0.0010287982010552935
-0.0010157653680419256
-0.0010008150076699512
-0.0009839423312397414
-0.0009651421018999287
-0.0009444086919066116
-0.0009217361456740242
-0.0008971182484013032
-0.0008705486000404787
-0.0008420206943519742
-0.0008115280027757992
-0.0007790640628292858
-0.0007446225707257232
-0.0007081974778926264
-0.0006697830910536799
-0.0006293741755246676
-0.0005869660613609866
-0.0005425547519826633
-0.0004961370348922069
-0.0004477105940911517
-0.00039727412379281257
-0.00034482744302160787
-0.00029037161068333744
-0.00023390904068604045
-0.00017544361668752893
-0.00011498080604340391
-5.252777252832311e-5
1.1906512596488331e-5
7.831116159501045e-5
0.00014667326377026864
0.0002169777818990238
0.00028920745200084613
0.0003633426868486179
0.0004393614836197962
0.0005172393360788461
0.000596949151671149
0.0006784611738974175
0.000761742910325248
0.0008467590665809277
0.0009334714866500355
0.0010218390997997575
0.0011118178744192267
0.0012033607790566335
0.0012964177509133784
0.0013909356720362026
0.001486858353428089
0.00158412652727782
0.0016826778474864658
0.0017824468986468234
0.0018833652136089761
0.0019853612997417637
0.002088360673976109
0.002192285906691896
0.002297056674485498
0.002402589821830193
0.002508799431616623
0.0026155969045352353
0.0027228910472373584
0.0028305881691862603
0.0029385921880843093
0.003046804743737252
0.003155125320191721
0.00326345137595745
0.003371678482101376
0.0034797004679769116
0.003587409574328243
0.0036946966134866143
0.003801451136353263
0.0039075616058420375
0.0040129155764338145
0.004117399879474692
0.004220900813830648
0.004323304341492957
0.004424496287711174
0.004524362545214092
0.004622789282063612
0.004719663152672182
0.004814871511501291
0.0049083026289464616
0.004999845908903434
0.00508939210750068
0.0051768335524751356
0.005262064362661066
0.005344980667056409
0.005425480822926634
0.005503465632403302
0.005578838557033006
0.005651505929732256
0.005721377163605224
0.005788364957083932
0.0058523854948546485
0.005913358644039759
0.0059712081451113504
0.0060258617970210555
0.006077251636040422
0.006125314107817146
0.006169990232164885
0.006211225760118126
0.006248971322798529
0.0062831825716554565
0.006313820309660858
0.00634085061305731
0.006364244943277808
0.006383980248676781
0.00640003905573371
0.0064124095494136535
0.006421085642392831
0.006426067032882159
0.006427359250807213
0.006424973692129387
0.006418927641120111
0.0064092442804276175
0.006395952688804038
0.006379087826389325
0.006358690507477727
0.006334807360722061
0.006307490776760899
0.006276798843283826
0.006242795267580143
0.0062055492866466755
0.006165135564960584
0.006121634080053292
0.006075129996051658
0.006025713525382317
0.005973479778864608
0.0059185286044466014
0.0058609644148673945
0.005800896004556951
0.005738436356112284
0.005673702436715624
0.005606814984886292
0.005537898287983323
0.005467079950900254
0.005394490656417
0.005320263917696183
0.005244535823432704
0.005167444776185614
0.005089131224440483
0.005009737388968316
0.004929406984063711
0.004848284934260216
0.004766517087134783
0.004684249922825738
0.004601630260899745
0.00451880496521289
0.004435920647419066
0.00435312336978545
0.004270558347979876
0.00418836965449834
0.004106699923402791
0.004025690057039573
0.003945478935407615
0.0038662031288424895
0.0037879966146779453
0.0037109904985403786
0.0036353127409239827
0.0035610878896850076
0.003488436819082706
0.0034174764759821274
0.003348319633820015
0.00328107465491964
0.0032158452617235575
0.0031527303174949746
0.003091823617018766
0.0030332136878121695
0.002976983602332897
0.0029232108016488617
0.0028719669310089983
0.002823317687728791
0.0027773226817771825
0.0027340353094235897
0.0026935026402748487
0.002655765318002122
0.002620857475027195
0.0025888066614062487
0.002559633788117165
0.0025333530849238127
0.0025099720729576214
0.0024894915521231627
0.0024719056034005283
0.0024572016060830544
0.0024453602699545155
0.0024363556823753666
0.0024301553702130124
0.0024267203765165565
0.0024260053518020464
0.0024279586597800483
0.0024325224973234492
0.002439633028439867
0.0024492205319799525
0.0024612095627803256
0.0024755191259079553
0.0024920628636415578
0.002510749254795113
0.0025314818259589765
0.0025541593742053562
0.0025786762007772033
0.0026049223552528982
0.0026327838896535775
0.0026621431219355824
0.0026928789082874102
0.0027248669236287397
0.002757979949688659
0.0027920881700211945
0.0028270594712986627
0.0028627597502073124
0.0028990532252551873
0.002935802752789226
0.002972870146507289
0.0030101164997411453
0.0030474025097784623
0.003084588803485553
0.0031215362634880667
0.003158106354163978
0.0031941614467021155
0.0032295651424801473
0.0032641825940183267
0.0032978808227694676
0.0033305290330115
0.0033619989211165968
0.0033921649794801958
0.003420904794404283
0.0034480993372420247
0.0034736332481251895
0.0034973951116117935
0.0035192777236089517
0.003539178348945031
0.0035569989689858035
0.0035726465187113582
0.0035860331126939906
0.0035970762594421096
0.003605699063601307
0.0036118304155310778
0.003615405167804203
0.0036163642982054243
0.0036146550588366994
0.0036102311109679655
0.003603052645304851
0.00359308648737812
0.0035803061877937173
0.0035646920971170184
0.003546231425200223
0.0035249182847976322
0.003500753719349797
0.00347374571485408
0.003443909195775972
0.003411266004992468
0.0033758448677958246
0.0033376813400230396
0.0032968177404132737
0.0032533030673321662
0.003207192900038389
0.003158549284703869
0.00310744060543469
0.0030539414405747647
0.002998132404608799
0.002940099976014825
0.002879936311449523
0.0028177390466816586
0.0027536110847201038
0.0026876603716130642
0.002619999660424187
0.0025507462639191175
0.0024800217965227586
0.002407951906132876
0.0023346659963997336
0.0022602969401040807
0.0021849807842869943
0.0021088564478047417
0.002032065411999933
0.001954751405196743
0.0018770600817428385
0.0017991386963338166
0.0017211357743674494
0.0016432007790847345
0.0015654837762627263
0.0014881350972302983
0.001411305000982359
0.0013351433361706152
0.0012597992037497183
0.0011854206210565532
0.0011121541880975334
0.0010401447568140548
0.000969535104089741
0.0009004656092548087
0.0008330739368328022
0.0007674947252631195
0.0007038592823192001
0.0006422952879270089
0.0005829265050715545
0.000525872499460664
0.00047124836859516124
0.00041916448087297477
0.000369726225331621
0.00032303377260899595
0.00027918184767653756
0.0002382595148716379
0.00020034997572777172
0.0001655303800712124
0.00013387165082250765
0.0001054383229091633
8.028839666329526e-5
5.8473206044438903e-5
4.003730199334291e-5
2.5018351187481273e-5
1.3447050433288224e-5
5.347056893843262e-6
7.349343139816949e-7
-3.7988463232948005e-7
2.0048802150703427e-6
7.884351319065139e-6
1.7246504533296873e-5
3.0072196435957872e-5
4.633520784588364e-5
6.60023034199167e-5
8.903330719318056e-5
0.00011538119388690478
0.00014499219577184967
0.0001778059248392853
0.0002137555099959801
0.0002527677489648135
0.00029476327453853847
0.0003396567348009669
0.0003873569868975028
0.00043776730390558097
0.0004907855943252708
0.000546304633681129
0.0006042123076984042
0.0006643918664899922
0.0007267221891651506
0.0007910780582469808
0.000857330443263132
0.0009253467928531182
0.0009949913347161155
0.0010661253827051853
0.0011386076503575643
0.0012122945701360354
0.0012870406176434634
0.0013626986400613857
0.0014391201880541108
0.0015161558503721138
0.0015936555903826616
0.0016714690837515414
0.0017494460564975295
0.0018274366226408271
0.001905291620668091
0.0019828629480399124
0.0020600038929716306
0.0021365694627251955
0.0022124167076583946
0.0022874050402881263
0.002361396548636491
0.002434256303142266
0.002505852656435792
0.0025760575352923804
0.0026447467240980466
0.0027118001391815707
0.0027771020933886207
0.002840541550296816
0.0029020123674951518
0.002961413528377071
0.003018649361923599
0.0030736297499812846
0.003126270321569141
0.0031764926337793154
0.003224224338867703
0.0032693993371631465
0.003311957915457114
0.003351846870569747
0.0033890196178228515
0.003423436284185686
0.0034550637858951545
0.0034838758903882345
0.0035098532624209967
0.0035329834942853535
0.003553261120071633
0.003570687613962087
0.003585271372577459
0.003597027681435652
0.0036059786656182447
0.0036121532247770797
0.003615586952649215
0.003616322041284198
0.0036144071702227287
0.003609897380900303
0.0036028539365832303
0.003593344168177497
0.003581441306283135
0.003567224299898043
0.0035507776222055113
0.003532191063908922
0.003511559514605196
0.0034889827327154615
0.003464565104517068
0.003438415392845403
0.0034106464760569177
0.0033813750778663144
0.003350721488690918
0.0033188092791537893
0.00328576500641414
0.0032517179140090094
0.0032167996259039205
0.0031811438354623525
0.0031448859900542903
0.0031081629720328342
0.0030711127768148537
0.003033874188806927
0.0029965864559213353
0.0029593889634286414
0.002922420907893406
0.0028858209719378643
0.002849727000574916
0.0028142756798465907
0.002779602218497243
0.002745840033402122
0.0027131204394617216
0.0026815723446603767
0.0026513219509740893
0.002622492461797464
0.002595203796543027
0.0025695723130480836
0.0025457105384047323
0.0025237269088077014
0.0025037255189923908
0.0024858058818119345
0.0024700626984773084
0.002456585639958545
0.002445459140018069
0.002436762200319068
0.0024305682080227823
0.002426944766258636
0.0024259535378203917
0.002427650102410006
0.0024320838277186903
0.0024392977546019486
0.0024493284965720935
0.0024622061537980617
0.00247795424176832
0.00249658963473837
0.002518122524049874
0.0025425563913738704
0.00256988799689595
0.0026001073824267616
0.0026331978893868358
0.0026691361915805955
0.0027078923426405886
0.002749429837989557
0.002793705691134992
0.0028406705240784256
0.0028902686715899096
0.0029424382990670614
0.0029971115336677318
0.0030542146083758774
0.0031136680186316557
0.003175386691129168
0.003239280164358724
0.0033052527804450465
0.0033732038878085276
0.003443028054153563
0.0035146152892661644
0.003587851277082514
0.003662617616470977
0.0037387920701523027
0.0038162488211664113
0.003894858736279297
0.003974489635710196
0.004055006568547329
0.004136272093210225
0.0042181465623079015
0.004300488411235018
0.004383154449842584
0.004466000156515822
0.0045488799739894555
0.004631647606229934
0.0047141563157149765
0.0047962592204432285
0.004877809590010898
0.004958661140097782
0.005038668324712253
0.005117686625553419
0.005195572837858806
0.005272185352117544
0.005347384431042043
0.005421032481205591
0.005492994318769069
0.005563137428737068
0.005631332217202021
0.005697452256054514
0.005761374519658624
0.0058229796130129675
0.005882151990940939
0.005938780167877465
0.005992756917844328
0.0060439794642317135
0.006092349659029997
0.006137774151182882
0.006180164543760761
0.006219437539681463
0.0062555150757343855
0.006288324444693263
0.0063177984053324285
0.006343875280191306
0.00636649904096198
0.006385619381404906
0.006401191777728101
0.006413177536395415
0.006421543829359661
0.00642626371674634
0.006427316157043482
0.006424686004882525
0.00641836399652421
0.006408346723192044
0.006394636592423932
0.006377241777640042
0.006356176156151738
0.006331459235862498
0.006303116070937005
0.006271177166739004
0.006235678374362074
0.006196660775099981
0.006154170555224859
0.006108258871461929
0.006058981707568847
0.006006399722445996
0.00595057809022106
0.00589158633276703
0.00582949814512731
0.005764391214334861
0.005696347032124207
0.005625450702045729
0.00555179074150088
0.005475458879224759
0.005396549848748958
0.005315161178382583
0.005231392978252994
0.005145347724950021
0.005057130044318189
0.004966846492940907
0.0048746053388585495
0.004780516342058982
0.004684690535274343
0.004587240005611762
0.004488277677538296
0.004387917097731625
0.004286272222298048
0.0041834572068481105
0.0040795861999077246
0.003974773140129078
0.003869131557750892
0.0037627743807418074
0.0036558137460438326
0.003548360816315007
0.0034405256025516876
0.003332416792951263
0.003224141588355676
0.0031158055445949535
0.003007512422028059
0.0028993640425558644
0.0027914601543579357
0.002683898304581237
0.002576773720184788
0.0024701791971199
0.0023642049980008586
0.002258938758395952
0.002154465401843583
0.002050867063672926
0.0019482230236833064
0.0018466096477111934
0.0017461003380885264
0.001646765492971091
0.0015486724744908811
0.0014518855856619072
0.0013564660559448028
0.0012624720353518943
0.0011699585969512075
0.0010789777476052436
0.0009895784467583272
0.0009018066330649681
0.0008157052586310447
0.0007313143306197582
0.0006486709599552772
0.0005678094168388469
0.0004887611927749116
0.0004115550687885412
0.00033621718950021417
0.00026277114270980585
0.0001912380441285238
0.00012163662688553258
5.398333542516154e-5
-1.1707576599092706e-5
-7.542394483603901e-5
-0.00013715558956328306
-0.00019689420824431874
-0.0002546332657366015
-0.0003103678825745263
-0.00036409472175352123
-0.0004158118744424928
-0.0004655187450516211
-0.0005132159360810111
-0.0005589051331729687
-0.0006025889907866868
-0.0006442710189089286
-0.0006839554712078889
-0.000721647235029819
-0.000757351723629254
-0.0007910747710137933
-0.000822822529773399
-0.0008526013722521209
-0.0008804177954070671
-0.000906278329685358
-0.0009301894522347583
-0.0009521575047477521
-0.000972188616222006
-0.0009902886309025572
-0.0010064630416526854
-0.0010207169289813357
-0.0010330549059352255
-0.0010434810690434324
-0.0010519989554813893
-0.0010586115065998616
-0.0010633210379427168
-0.0010661292158551812
-0.0010670370407618625
-0.0010660448371711843
-0.0010631522504400848
-0.00105835825030993
-0.001051661141201669
-0.0010430585792353723
-0.0010325475959164939
-0.001020124628408576
-0.0010057855562897165
-0.0009895257446680134
-0.0009713400935094508
-0.0009512230930103677
-0.0009291688848257943
-0.0009051713289446347
-0.0008792240759829667
-0.0008513206446476667
-0.0008214545041042279
-0.0007896191609650576
-0.0007558082505977671
-0.000720015632437068
-0.000682235488968894
-0.0006424624280413259
-0.0006006915881438523
-0.0005569187462844917
-0.0005111404280833623
-0.0004633540196914486
-0.0004135578811346146
-0.00036175146067537616
-0.0003079354097785878
-0.0002521116982620535
-0.00019428372920914864
-0.00013445645321785173
-7.263648155914961e-5
-8.832197817601668e-6
5.694613241207476e-5
0.00012468625419619116
0.00019437381872123904
0.00026599228195634775
0.0003395228069282936
0.0004149441700109807
0.0004922326716227756
0.0005713620517153466
0.0006523034104267539
0.0007350251342594946
0.0008194928281310407
0.0009056692536301673
0.000993514273797076
0.0010829848047290225
0.0011740347742958868
0.0012666150882319396
0.0013606736038509907
0.0014561551116122117
0.0015530013247432588
0.0016511508771059268
0.0017505393294675081
0.001851099184318369
0.00195275990935303
0.0020554479697083416
