1000.0
1000.0
1000.5
1001.0
1001.4999999999969
1001.999999999948
1002.4999999996428
1002.9999999984238
1003.4999999946994
1003.9999999851898
1004.499999963859
1004.9999999204776
1005.4999998387779
1005.999999694156
1006.4999994508917
1006.9999990588519
1007.4999984496604
1007.9999975323133
1008.4999961882331
1008.9999942657589
1009.4999915740763
1009.9999878765991
1010.4999828838231
1010.9999762456755
1011.4999675433953
1011.9999562809837
1012.4999418762701
1012.9999236516476
1013.4999008245347
1013.9998724976288
1014.4998376490178
1014.9997951222244
1015.4997436162586
1015.9996816757572
1016.4996076812944
1016.9995198399442
1017.4994161761816
1017.9992945232045
1018.4991525147632
1018.9989875775779
1019.4987969244265
1019.9985775479796
1020.4983262154567
1020.9980394641751
1021.4977135980554
1021.9973446851428
1022.4969285561998
1022.9964608044136
1023.4959367862609
1023.9953516235605
1024.4947002067365
1024.9939771993093
1025.4931770436203
1025.9922939677886
1026.491321993887
1026.9902549473206
1027.4890864673775
1027.987810018912
1028.486418905117
1028.9849062813312
1029.4832651698136
1029.9814884754219
1030.4795690021099
1030.9774994701663
1031.4752725340986
1031.9728808010696
1032.4703168497836
1032.9675732497194
1033.4646425805981
1033.9615174519781
1034.4581905228606
1034.9546545211945
1035.4509022631635
1035.946926672143
1036.4427207972133
1036.9382778311174
1037.433591127558
1037.9286542177263
1038.4234608259646
1038.9180048844669
1039.4122805469274
1039.9062822010542
1040.4000044798709
1040.8934422717361
1041.3865907290196
1041.8794452753787
1042.3720016115913
1042.8642557199057
1043.3562038668783
1043.8478426046775
1044.3391687708433
1044.8301794864974
1045.3208721530073
1045.8112444471199
1046.301294314583
1046.791019962284
1047.280419848942
1047.769492674394
1048.258237367527
1048.7466530729087
1049.2347391361795
1049.7224950882712
1050.209920628519
1050.6970156067468
1051.183780004397
1051.670213914789
1052.1563175225842
1052.6420910825452
1053.1275348976685
1053.6126492967783
1054.097434611665
1054.5818911538506
1055.0660191910636
1055.5498189235036
1056.033290459974
1056.5164337939575
1056.999248779707
1057.481735108422
1057.9638922845766
1058.4457196024575
1058.9272161229771
1059.408380650809
1059.8892117119005
1060.3697075314067
1060.849866012089
1061.329684713216
1061.8091608300008
1062.2882911736074
1062.7670721517509
1063.245499749918
1063.7235695132292
1064.2012765289594
1064.6786154097356
1065.1555802774258
1065.6321647477316
1066.1083619154974
1066.5841643407455
1067.059564035451
1067.5345524510644
1068.009120466794
1068.483258378661
1068.9569558893388
1069.4302020987916
1069.9029854957282
1070.375293949889
1070.8471147051864
1071.318434373721
1071.789238930699
1072.2595137102783
1072.729243402373
1073.1984120504503
1073.6670030503556
1074.1349991502018
1074.6023824513672
1075.0691344106406
1075.535235843561
1076.0006669289978
1076.465407215019
1076.929435626095
1077.3927304716894
1077.8552694562834
1078.3170296908843
1078.777987706065
1079.2381194665807
1079.6974003876064
1080.1558053526376
1080.6133087330904
1081.0698844096362
1081.5255057953002
1081.9801458603472
1082.4337771589744
1082.886371857823
1083.3379017663128
1083.7883383688006
1084.2376528585496
1084.6858161734951
1085.1327990337772
1085.5785719810071
1086.0231054192222
1086.4663696574758
1086.9083349539978
1087.3489715618568
1087.7882497760356
1088.2261399818344
1088.662612704498
1089.0976386599568
1089.5311888065642
1089.963234397703
1090.3937470351268
1090.8226987228936
1091.2500619217417
1091.6758096037559
1092.0999153071607
1092.5223531910774
1092.9430980900747
1093.3621255683424
1093.7794119733126
1094.1949344885538
1094.6086711857633
1095.0206010756808
1095.4307041577501
1095.8389614683601
1096.2453551274941
1096.649868383627
1097.05248565671
1097.4531925790911
1097.8519760342297
1098.2488241930603
1098.6437265478844
1099.0366739436647
1099.4276586066132
1099.8166741699733
1100.2037156969047
1100.5887797003952
1100.9718641601296
1101.3529685362616
1101.7320937800473
1102.109242341305
1102.4844181726849
1102.8576267307428
1103.228874973819
1103.5981713567421
1103.9655258223847
1104.330949790113
1104.6944561411772
1105.0560592011075
1105.4157747191855
1105.773619845073
1106.1296131026868
1106.4837743614212
1106.8361248048209
1107.1866868968218
1107.5354843456787
1107.882542065706
1108.2278861369648
1108.5715437630301
1108.913543226982
1109.2539138457605
1109.592685923033
1109.9298907007205
1110.2655603093315
1110.5997277172532
1110.9324266791516
1111.2636916836238
1111.5935579002553
1111.9220611262247
1112.2492377325996
1112.5751246104642
1112.8997591170144
1113.2231790217552
1113.5454224529276
1113.86652784429
1114.1865338823743
1114.5054794543303
1114.8234035964665
1115.140345443593
1115.4563441792614
1115.7714389869939
1116.0856690025876
1116.3990732675725
1116.7116906838946
1117.0235599698922
1117.3347196176237
1117.6452078516013
1117.955062588977
1118.2643214012217
1118.5730214773316
1118.881199588591
1119.1888920549118
1119.4961347127685
1119.802962884737
1120.1094113506442
1120.4155143203245
1120.7213054079823
1121.0268176081454
1121.3320832731958
1121.637134092458
1121.9420010728188
1122.246714520853
1122.5513040264175
1122.8557984476845
1123.1602258975681
1123.4646137315071
1123.7689885365546
1124.07337612173
1124.377801509582
1124.68228892891
1124.9868618085925
1125.2915427724636
1125.5963536351867
1125.9013153990625
1126.2064482517173
1126.5117715646115
1126.8173038923094
1127.1230629724535
1127.4290657263832
1127.7353282603417
1128.041865867211
1128.348693028724
1128.6558234180918
1128.9632699029994
1129.2710445489108
1129.5791586226387
1129.8876225961237
1130.1964461503812
1130.5056381795675
1130.815206795122
1131.1251593299478
1131.4355023425865
1131.7462416213582
1132.0573821884266
1132.368928303761
1132.6808834689677
1132.9932504309613
1133.306031185456
1133.6192269802546
1133.9328383183156
1134.2468649605862
1134.5613059285852
1134.8761595067272
1135.1914232443794
1135.507093957646
1135.8231677308768
1136.1396399179
1136.4565051429804
1136.7737573015074
1137.091389560418
1137.4093943583641
1137.7277634056322
1138.0464876838303
1138.3655574453528
1138.6849622126408
1139.0046907772535
1139.3247311987695
1139.645070803539
1139.965696183306
1140.2865931937242
1140.6077469527904
1140.9291418392186
1141.250761490781
1141.572588802643
1141.8946059257169
1142.2167942650663
1142.5391344783852
1142.861606474584
1143.1841894125112
1143.5068616998408
1143.8296009921567
1144.1523841922653
1144.4751874497676
1144.7979861609224
1145.1207549688347
1145.4434677640013
1145.7660976852453
1146.0886171210764
1146.4109977115081
1146.733210350368
1147.0552251881345
1147.3770116353378
1147.698538366557
1148.019773325053
1148.3406837280709
1148.6612360728502
1148.9813961433804
1149.3011290179368
1149.620399077438
1149.9391700146602
1150.257404844349
1150.5750659142636
1150.8921149171974
1151.2085129040072
1151.5242202976945
1151.8391969085733
1152.1534019505648
1152.4667940586526
1152.779331307539
1153.0909712315336
1153.4016708457095
1153.711386668362
1154.0200747447957
1154.3276906724745
1154.6341896275562
1154.939526392839
1155.2436553871398
1155.5465306961216
1155.8481061045866
1156.1483351302415
1156.447171058947
1156.7445669814474
1157.0404758315801
1157.3348504259575
1157.6276435051036
1157.9188077760296
1158.2082959562188
1158.49606081899
1158.7820552402
1159.0662322462385
1159.348545063261
1159.6289471676007
1159.9073923372891
1160.1838347046123
1160.4582288096155
1160.730529654468
1161.0006927585887
1161.268674214427
1161.5344307437836
1161.7979197545542
1162.0590993977655
1162.317928624772
1162.5743672444737
1162.8283759804067
1163.0799165275598
1163.3289516087584
1163.5754450304576
1163.8193617377815
1164.0606678686422
1164.2993308067707
1164.5353192334903
1164.7686031780624
1164.999154066436
1165.2269447682288
1165.4519496417781
1165.6741445770915
1165.89350703654
1166.1100160931371
1166.3236524662502
1166.5343985546008
1166.742238466414
1166.9471580465868
1167.1491449007508
1167.348188416117
1167.544279778996
1167.737411988902
1167.9275798691535
1168.1147800739
1168.2990110915127
1168.4802732442915
1168.658568684447
1168.8339013863367
1169.006277134942
1169.1757035105827
1169.3421898698882
1169.5057473230431
1169.6663887073505
1169.82412855716
1169.9789830702218
1170.1309700705417
1170.2801089678196
1170.426420713568
1170.5699277540155
1170.7106539799115
1170.8486246733548
1170.9838664517827
1171.1164072092588
1171.2462760552123
1171.3735032507811
1171.4981201429239
1171.6201590964668
1171.739653424259
1171.856637315613
1171.9711457632106
1172.0832144886588
1172.1928798668778
1172.3001788495144
1172.4051488875639
1172.5078278533915
1172.6082539623426
1172.7064656941293
1172.802501714181
1172.896400795144
1172.9882017387122
1173.077943297974
1173.1656641004483
1173.2514025719884
1173.335196861721
1173.4170847681917
1173.4971036668758
1173.5752904392148
1173.651681403331
1173.7263122465686
1173.7992179600037
1173.8704327750618
1173.9399901023721
1174.007922472986
1174.074261482079
1174.1390377352486
1174.202280797516
1174.2640191451314
1174.3242801202764
1174.3830898887525
1174.4404734007328
1174.4964543546544
1174.5510551643133
1174.6042969292255
1174.6561994083033
1174.706780996895
1174.7560587072228
1174.8040481522512
1174.8507635330113
1174.8962176293937
1174.9404217944214
1174.983385952004
1175.025118598168
1175.065626805749
1175.1049162325285
1175.1429911327866
1175.1798543722373
1175.215507446304
1175.24995050169
1175.2831823611864
1175.315200551657
1175.3460013351323
1175.3755797429371
1175.40392961277
1175.4310436286491
1175.4569133636285
1175.4815293251859
1175.504881003177
1175.5269569202437
1175.547744684561
1175.5672310447983
1175.585401947171
1175.6022425944466
1175.6177375067707
1175.6318705841709
1175.6446251705922
1175.6559841193155
1175.665929859604
1175.6744444644232
1175.6815097190718
1175.6871071905612
1175.6912182975796
1175.6938243808713
1175.6949067738626
1175.6944468733625
1175.692426210166
1175.688826519389
1175.6836298103572
1175.6768184358814
1175.668375160742
1175.6582832292133
1175.6465264314572
1175.6330891686177
1175.6179565164498
1175.6011142873217
1175.582549090429
1175.5622483900656
1175.5402005618005
1175.5163949464138
1175.4908219014508
1175.4634728502585
1175.4343403283763
1175.403418027158
1175.3707008345111
1175.336184872643
1175.2998675327183
1175.2617475063337
1175.2218248137274
1175.1801008286502
1175.1365782998334
1175.0912613689986
1175.044155585362
1174.9952679165986
1174.94460675624
1174.8921819274892
1174.8380046834425
1174.782087703727
1174.7244450875628
1174.6650923432708
1174.604046374262
1174.5413254615444
1174.4769492428006
1174.4109386880918
1174.343316072256
1174.2741049440745
1174.20333009229
1174.1310175085623
1174.0571943474622
1173.981888883602
1173.905130466015
1173.826949469893
1173.7473772458077
1173.6664460665322
1173.584189071597
1173.5006402097074
1173.4158341791613
1173.3298063664022
1173.2425927828506
1173.154230000154
1173.064755084004
1172.9742055266613
1172.8826191783419
1172.7900341776074
1172.696488880912
1172.6020217914538
1172.50667148748
1172.410476550195
1172.3134754914215
1172.2157066811626
1172.1172082752114
1172.0180181429585
1171.9181737955405
1171.817712314477
1171.7166702809386
1171.6150837057905
1171.51298796055
1171.4104177094007
1171.307406842401
1171.2039884100197
1171.100194559138
1170.9960564706448
1170.89160429876
1170.7868671122076
1170.6818728373669
1170.576648203522
1170.4712186903269
1170.3656084776026
1170.2598403975755
1170.1539358896669
1170.0479149579337
1169.941796131262
1169.8355964264044
1169.7293313139521
1169.6230146873252
1169.516658834857
1169.4102744150473
1169.3038704350474
1169.19745423244
1169.0910314603614
1168.9846060760176
1168.8781803326274
1168.7717547748268
1168.6653282375576
1168.558897848454
1168.4524590337371
1168.3460055276146
1168.2395293851782
1168.1330209987827
1168.026469117878
1167.9198608722634
1167.813181798721
1167.706415870978
1167.5995455329373
1167.492551735114
1167.3854139741961
1167.2781103356535
1167.1706175392994
1167.0629109877084
1166.954964817385
1166.8467519525698
1166.7382441615637
1166.6294121154438
1166.5202254490387
1166.4106528240245
1166.3006619939974
1166.1902198713728
1166.079292595958
1165.9678456050362
1165.8558437048027
1165.7432511429818
1165.6300316824565
1165.5161486757368
1165.401565140088
1165.2862438331442
1165.1701473288235
1165.0532380933644
1164.9354785613014
1164.8168312111952
1164.697258640937
1164.5767236424424
1164.4551892755544
1164.3326189409768
1164.2089764520576
1164.0842261052508
1163.9583327490802
1163.83126185144
1163.7029795650653
1163.573452791013
1163.4426492399982
1163.3105374914348
1163.1770870500395
1163.042268399858
1162.9060530555855
1162.7684136110593
1162.6293237848033
1162.488758462524
1162.3466937364522
1162.203106941447
1162.0579766877759
1161.911282890503
1161.763006795423
1161.6131310014891
1161.4616394796926
1161.3085175883634
1161.153752084871
1160.9973311337128
1160.839244310992
1160.6794826052928
1160.5180384149728
1160.354905541904
1160.1900791817
1160.0235559104804
1159.8553336682296
1159.6854117388193
1159.513790726769
1159.3404725308299
1159.165460314486
1158.9887584734704
1158.8103726004047
1158.6303094466743
1158.448576881661
1158.2651838494548
1158.0801403231792
1157.8934572570588
1157.705146536375
1157.5152209254447
1157.3236940137724
1157.13058016052
1156.9358944374458
1156.739652570462
1156.5418708799652
1156.3425662200887
1156.141755917035
1155.939457706637
1155.7356896713038
1155.5304701764983
1155.3238178069037
1155.1157513024227
1154.9062894941599
1154.695451240532
1154.4832553636518
1154.2697205861248
1154.0548654684012
1153.8387083468167
1153.6212672724596
1153.4025599509941
1153.1826036835698
1152.9614153089415
1152.7390111469253
1152.515406943309
1152.2906178163337
1152.0646582048623
1151.8375418183437
1151.6092815886802
1151.3798896241049
1151.1493771651637
1150.9177545429063
1150.6850311393728
1150.4512153504697
1150.2163145513193
1149.9803350641641
1149.7432821289033
1149.5051598763357
1149.2659713041755
1149.0257182559067
1148.7844014025327
1148.5420202272783
1148.2985730132873
1148.054056834364
1147.8084675487924
1147.5617997962645
1147.3140469979448
1147.0652013596866
1146.8152538784143
1146.564194351676
1146.3120113903651
1146.0586924346019
1145.8042237727568
1145.548590563595
1145.2917768615082
1145.0337656447944
1144.7745388469405
1144.5140773908502
1144.252361225955
1143.9893693681374
1143.7250799423866
1143.4594702280997
1143.1925167069317
1142.9241951130941
1142.6544804859875
1142.3833472250512
1142.1107691467046
1141.8367195432443
1141.5611712435593
1141.2840966755145
1141.0054679298503
1140.7252568254376
1140.4434349757232
1140.159973856194
1139.8748448726844
1139.5880194303472
1139.2994690031026
1139.009165203379
1138.7170798519546
1138.423185047707
1138.1274532370774
1137.8298572830543
1137.5303705334807
1137.2289668884905
1136.925620866881
1136.620307671228
1136.3130032515562
1136.0036843673784
1135.6923286479207
1135.37891465036
1135.0634219158987
1134.7458310235152
1134.4261236412297
1134.1042825747388
1133.7802918132743
1133.454136572556
1133.125803334716
1132.7952798850808
1132.4625553457145
1132.1276202056279
1131.790466347581
1131.4510870714114
1131.109477113836
1130.7656326646882
1130.419551379562
1130.071232388854
1129.7206763031982
1129.367885215314
1129.0128626982905
1128.655613800351
1128.2961450361468
1127.9344643746542
1127.5705812237477
1127.2045064115423
1126.8362521646097
1126.4658320831784
1126.0932611134444
1125.718555517125
1125.3417328383975
1124.9628118683752
1124.5818126072763
1124.1987562244517
1123.8136650164406
1123.4265623632293
1123.0374726828898
1122.6464213847803
1122.25343482149
1121.8585402397107
1121.4617657302208
1121.0631401771607
1120.662693206783
1120.2604551358534
1119.8564569198772
1119.4507301013193
1119.0433067579845
1118.634219451714
1118.2235011775526
1117.8111853135288
1117.3973055711865
1116.9818959469987
1116.5649906747794
1116.1466241792107
1115.726831030584
1115.3056459008503
1114.883103521063
1114.4592386402871
1114.0340859860405
1113.6076802263212
1113.1800559332692
1112.7512475484946
1112.321289350106
1111.890215421453
1111.458059621594
1111.0248555574954
1110.5906365579515
1110.1554356492163
1109.7192855323253
1109.2822185620828
1108.8442667276818
1108.4054616349201
1107.9658344899688
1107.5254160846478
1107.0842367831576
1106.6423265102123
1106.1997147405184
1105.7564304895375
1105.3125023054754
1104.8679582624304
1104.4228259546408
1103.977132491764
1103.5309044951252
1103.0841680948693
1102.6369489279512
1102.1892721369052
1101.7411623693258
1101.2926437780043
1100.8437400216576
1100.394474266196
1099.9448691864714
1099.4949469684525
1099.0447293117809
1098.5942374326523
1098.143492066982
1097.692513473809
1097.241321438897
1096.789935278496
1096.3383738432228
1095.8866555220347
1095.4347982462575
1094.9828194936426
1094.530736292426
1094.0785652253633
1093.6263224337197
1093.1740236211924
1092.7216840577496
1092.2693185833646
1091.8169416116345
1091.3645671332667
1090.9122087194198
1090.4598795248905
1090.007592291135
1089.555359349115
1089.1031926219598
1088.651103627442
1088.1991034802525
1087.7472028940765
1087.2954121834598
1086.8437412654646
1086.3921996611082
1085.9407964965824
1085.4895405042498
1085.038440023414
1084.5875030008629
1084.1367369911793
1083.6861491568225
1083.2357462679752
1082.785534702157
1082.3355204436039
1081.8857090824133
1081.4361058134566
1080.986715435059
1080.5375423474507
1080.088590550988
1079.6398636441545
1079.1913648213385
1078.7430968703993
1078.2950621700227
1077.847262686877
1077.399699972576
1076.9523751604577
1076.5052889621927
1076.0584416642298
1075.6118331240968
1075.1654627665687
1074.719329579721
1074.2734321108858
1073.82776846253
1073.3823362880787
1072.9371327877034
1072.4921547041035
1072.047398318305
1071.6028594455051
1071.158533430993
1070.714415146177
1070.2704989847537
1069.826778859049
1069.3832481965744
1068.9398999368282
1068.4967265283874
1068.0537199263265
1067.6108715900068
1067.1681724812781
1066.7256130631372
1066.2831832988863
1065.8408726518378
1065.3986700856105
1064.9565640650633
1064.5145425579121
1064.072593037077
1063.6307024838031
1063.188857391604
1062.7470437710679
1062.305247155574
1061.863452607959
1061.421644728175
1060.9798076619775
1060.5379251106835
1060.0959803420303
1059.6539562021696
1059.2118351288275
1058.769599165654
1058.3272299777882
1057.8847088686573
1057.4420167980243
1056.9991344012983
1056.5560420101126
1056.1127196741745
1055.6691471843842
1055.2253040972164
1054.7811697603504
1054.3367233395345
1053.8919438466569
1053.446810168998
1053.0013010996274
1052.5553953689057
1052.1090716770432
