600.0
600.0
600.0
600.0
600.0000017494034
600.000008743439
600.0000262160133
600.000061129009
600.0001221580545
600.0002196747957
600.0003657257121
600.0005740075226
600.0008598392392
600.0012401309298
600.0017333492606
600.0023594798965
600.0031399868433
600.0040977688217
600.0052571127723
600.0066436445932
600.0082842772215
600.0102071561721
600.0124416026554
600.0150180543994
600.0179680043061
600.0213239370776
600.025119263951
600.0293882556858
600.0341659739505
600.0394882012582
600.0453913696064
600.0519124879755
600.0590890688476
600.066959053904
600.075560739068
600.0849326990551
600.0951137116003
600.1061426815281
600.1180585648347
600.1309002929518
600.1447066973611
600.1595164347297
600.1753679127329
600.1922992167366
600.2103480375025
600.2295516000831
600.2499465940712
600.2715691053622
600.2944545495919
600.318637607401
600.3441521616818
600.3710312369528
600.3993069410064
600.4290104089671
600.4601717498953
600.4928199960632
600.5269830550259
600.5626876646014
600.5999593508694
600.6388223892889
600.6792997690277
600.7214131605903
600.7651828868189
600.8106278973378
600.8577657464976
600.906612574872
600.957183094345
601.0094905768203
601.063546846574
601.1193622762606
601.1769457865748
601.2363048495589
601.2974454955374
601.3603723236513
601.4250885159516
601.4915958550064
601.5598947449619
601.6299842359932
601.701862052068
601.7755246219394
601.8509671132769
601.9281834698336
602.0071664515445
602.0879076774395
602.1703976712506
602.2546259095868
602.3405808725429
602.4282500966041
602.5176202297038
602.6086770882878
602.7014057162332
602.7957904454688
602.8918149581386
602.9894623501511
603.0887151959514
603.1895556143543
603.2919653352749
603.3959257671917
603.5014180651782
603.6084231993384
603.7169220234825
603.8268953438799
603.9383239879268
604.0511888725691
604.1654710723212
604.2811518867237
604.3982129070863
604.5166360823636
604.6364037840141
604.7574988696965
604.8799047456594
605.0036054276849
605.1285856004496
605.2548306751688
605.3823268453968
605.5110611408556
605.6410214791736
605.7721967154147
605.9045766892882
606.0381522699292
606.1729153981486
606.308859126052
606.4459776539381
606.5842663643853
606.723721853445
606.8643419588669
607.0061257852819
607.1490737262794
607.2931874833189
607.4384700814234
607.5849258816074
607.7325605900003
607.8813812636292
608.0313963128385
608.1826155003221
608.335049936759
608.488712073045
608.6436156891225
608.7997758794181
608.957209034905
609.1159328218131
609.2759661570207
609.4373291801658
609.6000432225255
609.7641307727182
609.9296154392907
610.096521910263
610.2648759097068
610.4347041514444
610.6060342899627
610.7788948686419
610.9533152654075
611.1293256359219
611.3069568544383
611.4862404524456
611.6672085552415
611.8498938165765
612.0343293515173
612.2205486676856
612.4085855950315
612.5984742143081
612.7902487844194
612.9839436688143
613.1795932611083
613.3772319101164
613.5768938444822
613.778613097094
613.9824234294786
614.1883582563672
614.3964505706273
614.6067328687548
614.819237077123
615.0339944791822
615.2510356438015
615.4703903549465
615.6920875428787
615.9161552170622
616.14262040096
616.371509068894
616.60284608514
616.8366551454222
617.0729587209656
617.3117780052539
617.5531328636376
617.7970417859233
618.0435218420681
618.2925886410936
618.5442562933208
618.7985373760193
619.0554429025502
619.3149822950717
619.5771633608633
619.8419922723128
620.109473550596
620.3796100530677
620.6524029643696
620.9278517912451
621.2059543610418
621.4867068238664
621.7701036583453
622.0561376809324
622.3448000586916
622.636080325472
622.9299664013803
623.2264446154456
623.525499731362
623.827114976182
624.1312720718296
624.437951269289
624.7471313853208
625.0587898415497
625.372902705762
625.6894447352471
626.0083894220124
626.3297090396987
626.6533746920206
626.979356362555
627.3076229657015
627.6381423986376
627.9708815940929
628.3058065737716
628.6428825022507
628.9820737411887
629.3233439036842
629.6666559086243
630.0119720348755
630.3592539751688
630.7084628895434
631.0595594582156
631.4125039337521
631.7672561924286
632.12377578467
632.4820219844697
632.8419538376994
633.2035302092262
633.5667098287634
633.9314513353905
634.2977133206857
634.665454370421
635.0346331047824
635.4052082170809
635.7771385109302
636.1503829358741
636.5249006214539
636.9006509097109
637.2775933861283
637.6556879090203
638.0348946373832
638.4151740572272
638.7964870064139
639.1787946980268
639.5620587423069
639.9462411671907
640.331304437485
640.7172114727239
641.1039256637487
641.4914108880554
641.8796315239573
642.2685524636095
642.6581391249433
643.0483574625597
643.4391739776296
643.830555726851
644.2224703305103
644.6148859796959
645.0077714427115
645.4010960707348
645.7948298027677
646.1889431699217
646.5834072990807
646.9781939159845
647.3732753477719
647.7686245250227
648.1642149833366
648.5600208644848
648.9560169171689
649.3521784974206
649.748481568675
650.1449027015465
650.5414190733395
650.9380084673194
651.3346492717726
651.7313204788824
652.1280016834438
652.5246730814436
652.9213154685268
653.3179102383749
653.7144393810139
654.1108854810761
654.5072317160349
654.9034618544314
655.2995602541134
655.6955118605041
656.0913022049184
656.4869174029449
656.8823441529092
657.2775697344363
657.672582007125
658.067369409353
658.4619209572231
658.8562262436675
659.2502754377208
659.6440592839751
660.0375691022285
660.4307967873369
660.8237348092789
661.2163762134426
661.6087146211408
662.0007442303623
662.392459816762
662.7838567348955
663.1749309196994
663.5656788882173
663.9560977415722
664.3461851671805
664.7359394412051
665.1253594312411
665.514444599224
665.9031950045536
666.2916113074184
666.6796947723091
667.0674472717023
667.454871289899
667.8419699269939
668.2287469029565
668.6152065617954
669.0013538757822
669.3871944497027
669.7727345251055
670.1579809845144
670.5429413555682
670.927623815051
671.3120371927719
671.6961909752547
672.0800953091924
672.4637610046218
672.8471995377723
673.2304230535403
673.6134443675396
673.9962769676781
674.3789350152085
674.7614333452012
675.1437874663864
675.5260135603118
675.9081284797634
676.2901497463943
676.6720955475095
677.0539847319536
677.4358368050495
677.817671922536
678.1995108834565
678.5813751219481
678.9632866978866
679.3452682863409
679.7273431657968
680.109535205108
680.4918688491404
680.8743691030726
681.257061515326
681.6399721590948
682.0231276124556
682.406554937036
682.7902816552306
683.1743357259526
683.5587455189182
683.9435397874645
684.3287476399057
684.7143985094406
685.1005221226277
685.4871484664517
685.87430775401
686.262030388855
686.6503469280331
687.0392880438683
687.4288844845454
687.8191670335513
688.2101664680429
688.6019135162142
688.9944388137412
689.3877728593915
689.7819459698877
690.1769882341251
690.5729294668436
690.969799161864
691.3676264450022
691.7664400267785
692.1662681550464
692.567138567667
692.9690784453604
693.3721143648677
693.7762722525615
694.1815773386437
694.5880541120713
694.9957262763538
695.4046167063644
695.8147474063086
696.2261394689921
696.6388130365305
697.0527872626387
697.4680802766387
697.8847091493164
698.3026898607608
698.7220372703065
699.142765088702
699.5648858526155
699.9884109015846
700.4133503575113
700.8397131067894
701.2675067851521
701.696737765308
702.1274111474314
702.5595307525616
702.9930991189497
703.4281175013878
703.8645858735389
704.3025029332762
704.7418661110277
705.18267158111
705.624914276024
706.0685879036719
706.5136849674419
706.9601967890984
707.4081135343995
707.8574242413548
708.3081168510251
708.7601782407535
709.2135942597084
709.6683497666102
710.1244286695006
710.5818139674113
711.0404877937746
711.5004314614168
711.9616255089682
712.4240497485152
712.8876833143223
713.3525047124414
713.8184918710306
714.2856221911981
714.7538725981899
715.2232195927396
715.6936393024002
716.1651075326822
716.6375998178229
717.1110914710205
717.5855576339679
718.060973325531
718.53731348942
719.0145530407134
719.4926669111001
719.9716300927142
720.4514176804497
720.9320049126467
721.4133672100565
721.8954802130005
722.3783198166483
722.8618622043535
723.346083878995
723.8309616922822
724.3164728719944
724.8025950471352
725.2893062709926
725.7765850421047
726.2644103231429
726.7527615577325
727.2416186852369
727.7309621535458
728.2207729299084
728.7110325098653
729.2017229243352
729.6928267449214
730.1843270875052
730.6762076141997
731.16845253374
731.6610466003892
732.1539751114415
732.6472239034053
733.1407793469508
733.6346283407041
734.1287583039743
734.6231571684933
735.1178133692515
735.6127158345073
736.1078539750473
736.6032176727713
737.0987972686714
737.594583550274
738.0905677386057
738.5867414747443
739.0830968060086
739.5796261718389
740.0763223894133
740.573178639045
741.0701884493955
741.5673456825411
742.0646445189218
742.5620794421988
743.0596452240457
743.5573369088927
744.0551497986419
744.5530794373682
745.0511215960197
745.5492722571286
746.0475275995426
746.5458839831865
747.0443379338614
747.5428861280917
748.0415253780282
748.5402526164156
749.0390648816374
749.5379593028473
750.0369330852036
750.5359834952197
751.0351078462504
751.5343034841325
752.0335677730045
752.5328980813297
753.0322917681506
753.5317461696078
754.0312585857555
754.5308262677113
755.0304464051804
755.5301161143954
756.0298324265159
756.5295922765359
757.0293924927456
757.5292297867976
758.0291007444296
758.529001816893
759.028929313141
759.5288793928257
760.028848060157
760.5288311586704
761.0288243669542
761.5288231953782
762.0288229838696
762.5288189007732
763.0288059428316
763.5287789363175
764.0287325393426
764.5286612453647
765.0285593879078
765.5284211465035
766.0282405538572
766.5280115042319
767.0277277630408
767.5273829776282
768.0269706892112
768.5264843459503
769.0259173171046
769.5252629082249
770.0245143773253
770.5236649519707
771.0227078472085
771.5216362842666
772.0204435099323
772.519122816522
773.0176675623458
773.5160711925644
774.014327260334
774.5124294481282
775.0103715891242
775.5081476885384
776.0057519447932
776.5031787703979
777.000422812424
777.4974789724577
777.9943424259129
778.49100864059
778.9874733943692
779.4837327919304
779.9797832803969
780.4756216638044
780.9712451163034
781.4666511940088
781.9618378454201
782.456803420339
782.9515466772256
783.446066788935
783.9403633467956
784.4344363629881
784.9282862712046
785.4219139255698
785.9153205978201
786.4085079727439
786.9014781418991
787.3942335956315
787.8867772134278
788.379112252648
788.8712423356892
789.3631714356416
789.854903860508
790.3464442360638
790.8377974874411
791.3289688195301
791.819963696295
792.3107878191048
792.8014471041904
793.2919476593347
793.7822957599128
794.2724978243975
794.7625603894478
795.2524900846987
795.7422936073714
796.2319776968193
796.7215491091277
797.2110145918779
797.7003808591861
798.1896545671246
798.6788422896237
799.1679504949517
799.6569855228638
800.145953562503
800.6348606311296
801.123712553751
801.6125149437127
802.1012731843056
802.5899924114374
803.0786774974052
803.5673330358007
804.05596332757
804.5445723682415
805.0331638363292
805.521741082909
806.0103071223577
806.4988646242404
806.98741590632
807.4759629286631
807.9645072888011
808.4530502179108
808.9415925779649
809.4301348598033
809.9186771820711
810.4072192909674
810.8957605607444
811.3842999948965
811.8728362279788
812.3613675279913
812.849891799269
813.3384065858166
813.8269090750293
814.3153961017437
814.803864152565
815.2923093704217
815.7807275593002
816.2691141891188
816.7574644007042
817.2457730108391
817.7340345173542
818.2222431042435
818.7103926467901
819.198476716691
819.6864885871792
820.1744212381458
820.6622673612702
821.1500193651717
821.637669380603
822.1252092657089
822.6126306113787
823.0999247467262
823.5870827447336
824.0740954280986
824.560953375328
825.0476469271224
825.5341661930973
826.020501058889
826.50664119369
826.9925760582637
827.4782949134801
827.9637868294188
828.4490406950788
828.934045228733
829.4187889889625
829.9032603863989
830.3874476961992
830.8713390712743
831.3549225562828
831.8381861023965
832.3211175828403
832.8037048091962
833.2859355484607
833.7677975408313
834.2492785181952
834.7303662232811
835.2110484294324
835.6913129609482
836.1711477139335
836.6505406775929
837.1294799558946
837.6079537895254
838.0859505780519
838.563458902197
839.0404675461361
839.516965519714
839.992942080477
840.4683867554169
840.9432893623151
841.4176400305787
841.891429221456
842.3646477475218
842.837286791322
843.3093379230671
843.7807931172715
844.2516447682319
844.7218857042483
845.1915092004905
845.6605089904226
846.1288792756995
846.5966147344599
847.063710527944
847.5301623053751
847.995966207048
848.4611188655788
848.9256174052788
849.3894594396223
849.8526430667893
850.3151668632719
850.7770298755441
851.2382316098015
851.6987720197885
852.1586514927408
852.6178708334747
853.0764312466719
853.5343343174056
853.9915819899747
854.448176545107
854.9041205756105
855.3594169605522
855.8140688380508
856.2680795767776
856.7214527462608
857.1741920860966
857.6263014741727
858.0777848940099
858.5286464013359
858.9788900900006
859.4285200573487
859.8775403691618
860.325955024285
860.7737679190501
861.2209828116075
861.6676032862767
862.1136327180228
862.5590742371638
863.0039306944104
863.4482046263356
863.8918982213681
864.3350132864005
864.7775512140945
865.2195129509673
865.6608989663309
866.1017092221575
866.5419431439358
866.9815995925774
867.4206768374306
867.859172530451
868.2970836815739
868.7344066353303
869.1711370487434
869.607269870536
870.0427993216784
870.477718877301
870.9120212499917
871.3456983744977
871.7787413938452
872.2111406468902
872.6428856573125
873.0739651240597
873.5043669132506
873.9340780515442
874.36308472098
874.7913722552953
875.2189251377256
875.6457270002934
876.0717606245914
876.4970079440676
876.9214500478183
877.3450671858998
877.7678387761658
878.1897434126425
878.6107588754521
879.0308621422973
879.4500294015207
879.8682360667513
880.2854567931548
880.7016654953018
881.1168353666673
881.530938900779
881.9439479140264
882.3558335701438
882.7665664063802
883.1761163613651
883.5844528046774
883.991544568124
884.3973599787275
884.8018668934227
885.2050327354551
885.6068245324708
886.0072089562809
886.406152364281
886.8036208424949
887.1995802502126
887.5939962661784
887.9868344362827
888.3780602227041
888.7676390544353
889.155536379126
889.5417177161621
889.9261487108961
890.3087951899338
890.6896232173762
891.068599151905
891.4456897045968
891.8208619973389
892.194083621717
892.5653226982366
892.9345479357328
893.3017286908203
893.6668350272284
894.029837774863
894.3907085884315
894.7494200054678
895.1059455035877
895.4602595568081
895.8123376907591
896.1621565366221
896.5096938836244
896.8549287299281
897.1978413317472
897.538413250538
897.8766273981074
898.2124680794914
898.5459210334616
898.8769734705269
899.2056141083011
899.5318332041207
899.8556225848022
900.1769756734403
900.4958875131588
900.8123547877336
901.1263758390237
901.4379506811514
901.7470810113896
902.0537702177229
902.3580233830622
902.6598472861042
902.959250398839
903.2562428807219
903.5508365695341
903.8430449689735
904.1328832330205
904.4203681471436
904.7055181064103
904.9883530905869
905.2688946363137
905.5471658064555
905.8231911567328
906.0969966997474
906.3686098665232
906.6380594656902
906.9053756404415
907.1705898234047
907.4337346895659
907.6948441073936
907.9539530883102
908.2110977346613
908.4663151863344
908.7196435661807
908.9711219243911
909.2207901819819
909.4686890735388
909.7148600893714
909.9593454172254
910.202187883699
910.4434308955042
910.6831183807143
910.9212947301318
911.1580047389072
911.393293548536
911.6272065893556
911.8597895236574
912.0910881895255
912.3211485455091
912.550016616225
912.7777384389865
913.004360011545
913.2299272410263
913.4544858941357
913.6780815487025
913.9007595466248
914.1225649482723
914.3435424883954
914.5637365335872
914.7831910413324
915.0019495206782
915.2200549945505
915.4375499637365
915.6544763725465
915.8708755761651
916.0867883096935
916.302254658881
916.5173140325392
916.732005136626
916.9463659499828
917.1604337017044
917.374244850115
917.5878350633218
917.8012392013121
918.0144912995581
918.227624554088
918.4406713079809
918.6536630392391
918.8666303499898
919.079602956964
919.2926096832
919.5056784509172
919.7188362755026
919.9321092605516
920.1455225939069
920.3591005446317
920.5728664608596
920.7868427684588
921.0010509704505
921.2155116471197
921.4302444567583
921.64526813698
921.8606005065483
922.0762584676577
922.2922580086124
922.5086142068456
922.7253412322248
922.9424523505907
923.1599599274786
923.3778754319726
923.5962094406469
923.8149716415486
924.0341708381798
924.2538149534395
924.4739110334887
924.6944652515023
924.915482911278
925.136968450672
925.358925444836
925.5813566092316
925.8042638024027
926.0276480284873
926.2515094394561
926.4758473370642
926.7006601745096
926.9259455577909
927.1517002467634
927.3779201558923
927.6046003547061
927.831735067957
928.0593176754944
928.2873407118651
928.5157958656512
928.7446739785623
928.9739650443013
929.2036582072212
929.4337417607991
929.6642031459478
929.8950289491952
930.126204900756
930.3577158725283
930.5895458760447
930.8216780604114
931.0540947102687
931.2867772438092
931.519706210889
931.75286129127
931.9862212930312
932.2197641511877
932.4534669265582
932.6873058049201
932.9212560964937
933.155292235796
933.3893877819065
933.6235154191863
933.8576469584922
934.0917533389276
934.3258046301737
934.5597700354413
934.7936178950853
935.0273156909253
935.2608300513118
935.4941267569806
935.7271707477354
935.9599261300008
936.1923561852833
936.4244233795831
936.6560893737931
936.8873150351249
937.1180604495999
937.3482849356418
937.5779470588069
937.8070046476878
938.0354148110245
938.2631339560559
938.4901178081437
938.7163214316992
938.9416992524406
