0.0
0.0
1.1980805355354631e-6
3.582737666476369e-6
7.131027676210414e-6
1.1808695074316723e-5
1.757036379062615e-5
2.4359790593211687e-5
3.211017944781648e-5
4.0744555227528994e-5
5.0176194880681215e-5
6.0309113873463496e-5
7.103860544306043e-5
8.225182992860423e-5
9.382845119224415e-5
0.00010564131690240478
0.00011755717922704232
0.00012943745227751773
0.00014113900245461502
0.00015251496767818346
0.0001634156013317151
0.00017368913662363464
0.0001831826669588213
0.00019174303782744373
0.0001992177456540037
0.0002054558390078775
0.00021030881755782773
0.00021363152415703756
0.0002152830254721804
0.0002151274766197603
0.00021303496534520462
0.0002088823313746164
0.00020255395668524495
0.00019394252257804516
0.00018294972959350653
0.0001694869764894725
0.0001534759946960766
0.0001348494348772377
0.00011355140245933692
8.953793923461476e-5
6.277744840827497e-5
3.3251060732982456e-5
9.529396610537065e-7
-3.410947625824045e-5
-7.191529520266448e-5
-0.00011243005927497155
-0.0001556056979077381
-0.00020138054798378874
-0.0002496794408538451
-0.0003004138561046943
-0.00035348214160318004
-0.0004087697990152827
-0.00046614983367707194
-0.0005254831673769678
-0.000586619112298098
-0.0006493959040671043
-0.0007136412915630308
-0.0007791731808583443
-0.0008458003303950882
-0.0009133230942439759
-0.0009815342100541445
-0.0010502196280774943
-0.0011191593774451446
-0.0011881284656855542
-0.0012568978073052195
-0.0013252351771043975
-0.0013929061837727671
-0.001459675259203937
-0.001525306658883796
-0.0015895654686462818
-0.0016522186130515362
-0.0017130358606258134
-0.001771790821210009
-0.0018282619306942492
-0.0018822334184694792
-0.001933496253003184
-0.001981849061044881
-0.002027099016087388
-0.002069062691851512
-0.002107566876724026
-0.0021424493452608636
-0.0021735595830684206
-0.002200759461594807
-0.002223923859598732
-0.002242941228315309
-0.0022577140976042212
-0.0022681595206450814
-0.0022742094550361196
-0.0022758110784541143
-0.00227292703734428
-0.0022655356274271375
-0.002253630905133656
-0.002237222729408637
-0.0022163367336537473
-0.0021910142279142576
-0.0021613120317457383
-0.0021273022385271253
-0.002089071912313065
-0.002046722718639709
-0.0020003704910125882
-0.001950144735111333
-0.0018961880730423038
-0.0018386556302552688
-0.001777714368012665
-0.0017135423645584355
-0.0016463280483766582
-0.0015762693871570078
-0.0015035730362934136
-0.0014284534509330848
-0.0013511319657644263
-0.001271835846883464
-0.0011907973202084719
-0.0011082525810209437
-0.0010244407892973377
-0.0009396030555597398
-0.0008539814220144258
-0.000767817843765069
-0.000681353174881949
-0.0005948261640800133
-0.0005084724647071511
-0.00042252366366984137
-0.0003372063338267762
-0.0002527411142626317
-0.00016934182271443655
-8.721460426266129e-5
-6.557120219007924e-6
7.244221905619542e-5
0.0001496049738911226
0.00022476334431215117
0.0002977607852938588
0.0003684525654812278
0.00043670626689339316
0.0005024022234075645
0.0005654338961215011
0.0006257081840016608
0.000683145668540363
0.0007376807914674607
0.0007892619648885324
0.0008378516135508792
0.00088342614926905
0.0009259758778715913
0.0009655048393586222
0.0010020305822840737
0.0010355838736954104
0.0010662083462758298
0.001093960084637775
0.001118907153010628
0.0011411290668482336
0.0011607162111520715
0.0011777692085621111
0.0011923982405084275
0.0012047223249413404
0.0012148685543650688
0.001222971298088677
0.0012291713727774955
0.0012336151855374259
0.0012364538538928427
0.001237842307125592
0.001237938373527321
0.0012369018581796709
0.001234893615916412
0.0012320746241382314
0.0012286050601445161
0.0012246433876171537
0.0012203454568392594
0.0012158636231570856
0.0012113458880965713
0.0012069350674275142
0.0012027679903288005
0.001198974733648192
0.0011956778950706517
0.001192991908810971
0.0011910224072305196
0.0011898656315453692
0.0011896078945449503
0.0011903250979780605
0.0011920823069877108
0.0011949333836893618
0.0011989206816899508
0.0012040748030392432
0.0012104144187919336
0.0012179461540401384
0.001226664537953027
0.0012365520190349174
0.0012475790454868317
0.0012597042102308613
0.0012728744598333396
0.0012870253662433599
0.0013020814599491654
0.001317956622847944
0.0013345545388260723
0.0013517691997583577
0.001369485464357733
0.0013875796670425344
0.001405920273738242
0.00142436858129561
0.0014427794569886183
0.001461002114354722
0.0014788809214574344
0.0014962562374882652
0.0015129652734822401
0.0015288429727993657
0.0015437229069240567
0.0015574381820562281
0.001569822351911839
0.0015807103321174444
0.0015899393115729288
0.0015973496561691115
0.0016027858002822667
0.0016060971215256237
0.001607138794318313
0.0016057726179346192
0.0016018678148202689
0.0015953017951072493
0.0015859608834235567
0.001573741004278569
0.001558548322507457
0.0015402998354782421
0.0015189239140016714
0.0014943607891358592
0.0014665629823433974
0.0014354956767370648
0.0014011370274399926
0.0013634784093857527
0.0013225246011918505
0.00127829390405501
0.0012308181949368946
0.0011801429136329305
0.0011263269836430975
0.0010694426670903308
0.0010095753542579136
0.000946823288640351
0.0008812972287210868
0.000813120048003516
0.0007424262751274901
0.0006693615762004237
0.0005940821817587108
0.0005167542610500568
0.0004375532465891467
0.0003566631121865388
0.00027427560788255087
0.00019058945543306736
0.00010580950819156877
2.014587941029451e-5
-6.61869568575811e-5
-0.00015297108793434525
-0.00023998610333488424
-0.000327010049691017
-0.0004138203951759449
-0.000500194998770751
-0.0005859130796867047
-0.0006707561822518959
-0.0007545091315884899
-0.000836960975447554
-0.0009179059076317978
-0.0009971441685223635
-0.0010744829183336059
-0.0011497370788490816
-0.0012227301395421094
-0.0012932949241545207
-0.0013612743139967958
-0.0014265219244407213
-0.0014889027313010176
-0.0015482936440439747
-0.0016045840230178045
-0.0016576761381699458
-0.0017074855669995963
-0.0017539415297879318
-0.00179698716045237
-0.0018365797116833456
-0.0018726906933408819
-0.0019053059434122027
-0.0019344256311591397
-0.0019600641924135713
-0.0019822501973089488
-0.0020010261510645328
-0.002016448228764645
-0.002028585945396478
-0.0020375217627251942
-0.0020433506348926664
-0.0020461794949247505
-0.0020461266846199763
-0.0020433213305685897
-0.002037902669313614
-0.0020300193249137596
-0.0020198285424003494
-0.0020074953808358336
-0.0019931918698788673
-0.001977096133939366
-0.001959391488165533
-0.0019402655106428393
-0.0019199090953015913
-0.0018985154901245327
-0.0018762793253183732
-0.001853395636162901
-0.0018300588852781508
-0.001806461989053826
-0.0017827953529658133
-0.0017592459204622424
-0.001735996240036355
-0.0017132235550157684
-0.0016910989204879663
-0.0016697863516505602
-0.001649442007722683
-0.001630213415381526
-0.0016122387354963687
-0.0015956460767223965
-0.0015805528592891828
-0.0015670652320750374
-0.0015552775457996772
-0.001545271884895122
-0.0015371176603296791
-0.0015308712653637597
-0.0015265757959104856
-0.0015242608368601215
-0.0015239423154068002
-0.0015256224220903916
-0.0015292895999372616
-0.0015349186017526992
-0.0015424706152865628
-0.0015518934556638237
-0.0015631218241447828
-0.001576077631957393
-0.0015906703876279076
-0.0016067976459275383
-0.0016243455162534455
-0.001643189227973663
-0.0016631937499888806
-0.0016842144615007249
-0.0017060978707275683
-0.0017286823780761809
-0.0017517990800618322
-0.0017752726100718301
-0.0017989220118888834
-0.0018225616417319838
-0.001846002094434486
-0.001869051149262388
-0.0018915147307810526
-0.0019131978801062183
-0.0019339057318254749
-0.001953444491849663
-0.0019716224114500335
-0.001988250752756469
-0.002003144741034544
-0.0020161244991244586
-0.002027015959512609
-0.0020356517496163233
-0.002041872045993529
-0.002045525393341246
-0.0020464694843189816
-0.002044571896424578
-0.0020397107823598376
-0.002031775510550323
-0.0020206672527269686
-0.002006299515735381
-0.0019885986150106442
-0.0019675040874397916
-0.0019429690416294509
-0.0019149604439010351
-0.0018834593386488243
-0.0018484610020157398
-0.0018099750281660636
-0.0017680253477621766
-0.0017226501785819795
-0.0016739019085434284
-0.00162184691173093
-0.001566565298343602
-0.0015081505998060338
-0.0014467093905965926
-0.0013823608486549985
-0.001315236256528329
-0.0012454784457013534
-0.001173241186831762
-0.0010986885288720698
-0.0010219940903065064
-0.000943340305961821
-0.0008629176330645194
-0.0007809237204125832
-0.0006975625447062202
-0.0006130435182388354
-0.0005275805722854063
-0.000441391220640152
-0.000354695607848243
-0.0002677155467468598
-0.0001806735499788387
-9.379186016721458e-5
-7.291483441065238e-6
7.860876901781478e-5
0.0001636932267816294
0.0002477502887772895
0.0003305733302104152
0.0004119615834524949
0.0004917209886629413
0.000569665010070325
0.0006456154140095118
0.000719403005002927
0.0007908683163837765
0.0008598622521857287
0.0009262466772661908
0.000989894952887699
0.00105069241525281
0.001108536794770911
0.0011633385741291423
0.001215021283542726
0.001263521731870903
0.001308790172601887
0.0013507904040321694
0.0013894998032905883
0.001424909294184193
0.0014570232491694912
0.0014858593260775599
0.0015114482405431248
0.001533833475404494
0.001553070928651611
0.0015692285018019329
0.0015823856308768813
0.0015926327624337852
0.0016000707773781695
0.0016048103655376185
0.0016069713542199724
0.0016066819942041506
0.0016040782068202934
0.001599302795966175
0.0015925046290780225
0.0015838377912251295
0.0015734607166282553
0.0015615353020110927
0.0015482260062815395
0.0015336989411047
0.001518120956972137
0.0015016587293916978
0.001484477849819152
0.0014667419259269078
0.0014486116957563649
0.001430244160229243
0.0014117917383998462
0.001393401449715156
0.0013752141274134496
0.0013573636670354762
0.0013399763138458858
0.001323169992767441
0.0013070536842175206
0.0012917268490065918
0.0012772789052128237
0.0012637887596870293
0.0012513243965689542
0.0012399425249109161
0.0012296882872093358
0.0012205950303402508
0.0012126841400829662
0.0012059649400980954
0.0012004346559039692
0.0011960784440702922
0.001192869486521649
0.001190769149517567
0.0011897272065519821
0.0011896821240946734
0.0011905614087821658
0.0011922820143572444
0.001194750806356144
0.0011978650822521326
0.0012015131444850246
0.0012055749235395411
0.0012099226479826666
0.0012144215581325064
0.0012189306598097936
0.001223303514419219
0.0012273890614221802
0.0012310324690962826
0.0012340760093308045
0.0012363599520820797
0.001237723475008992
0.0012380055837270224
0.0012370460380599618
0.0012346862796318006
0.0012307703561276189
0.001225145837561602
0.0012176647199225786
0.0012081843116225478
0.0011965680982512924
0.001182686581239986
0.001166418086158215
0.0011476495365114736
0.0011262771890692496
0.0011022073269365245
0.0010753569067829772
0.0010456541568634133
0.0010130391226989008
0.0009774641575396046
0.0009388943549961851
0.0008973079215055269
0.0008526964865871695
0.0008050653491476894
0.0007544336583999614
0.0007008345282812141
0.0006443150845765217
0.0005849364442812886
0.0005227736270657702
0.00045791539903513825
0.00039046404930841877
0.0003205351002672014
0.0002482569526487307
0.00017377046697627428
9.722848313094745e-5
1.8795280171952477e-5
-6.135402119503216e-5
-0.0001430341108202196
-0.00022605019303319863
-0.00031019873908346
-0.00039526828465482467
-0.00048104026878810073
-0.0005672899103413906
-0.0006537871179311964
-0.0007402974291307414
-0.0008265829745555628
-0.0009124034623411459
-0.0009975171784137938
-0.0010816819978745535
-0.0011646564027572687
-0.0012462005013859742
-0.001326077044544092
-0.0014040524336782782
-0.001479897716393272
-0.0015533895645505592
-0.0016243112303627938
-0.0016924534759773634
-0.0017576154721657404
-0.0018196056618797237
-0.0018782425846006717
-0.0019333556575925276
-0.0019847859103729703
-0.0020323866689383892
-0.002076024186516508
-0.0021155782178742173
-0.0021509425344762747
-0.002182025378071717
-0.002208749850577696
-0.0022310542384336276
-0.0022488922699105017
-0.002262233304179466
-0.0022710624512688057
-0.0022753806223675954
-0.0022752045102660346
-0.0022705665000551435
-0.0022615145105405105
-0.0022481117671545045
-0.00223043650747721
-0.002208581620796721
-0.002182654223452791
-0.002152775172012646
-0.002119078516622559
-0.002081710897162134
-0.0020408308850987434
-0.001996608274195952
-0.0019492233234707453
-0.0018988659560188236
-0.0018457349175340363
-0.0017900368985362047
-0.0017319856244902157
-0.0016718009181475452
-0.001609707738568575
-0.0015459352013896003
-0.0014807155849817604
-0.0014142833272098951
-0.0013468740175372204
-0.0012787233892365723
-0.0012100663164607282
-0.0011411358208930115
-0.0010721620926452116
-0.0010033715299930508
-0.0009349858024404248
-0.0008672209414828883
-0.0008002864632989963
-0.0007343845274358055
-0.0006697091353729312
-0.0006064453726489134
-0.0005447686980152814
-0.0004848442828486818
-0.00042682640380092336
-0.0003708578914020092
-0.00031706963705349796
-0.00026558016056020024
-0.00021649524004872442
-0.0001699076058131843
-0.00012589669931300503
-8.452849822674144e-5
-4.585540814074793e-5
-9.91622112399435e-6
2.326385888808056e-5
5.36731243054385e-5
8.131320642108885e-5
0.00010619885332591336
0.00012835764456788618
0.0001478296442316564
0.00016466699441462342
0.0001789334513657513
0.00019070386683201016
0.0002000636174231438
0.00020710798505714433
0.00021194149178512973
0.00021467719251412872
0.0002154359293484942
0.00021434555145431421
0.00021154010451537392
0.0002071589939931373
0.00020134612652617813
0.00019424903390588793
0.00018601798414464343
0.00017680508420954422
0.0001667633790290608
0.00015604595139130656
0.0001448050273411201
0.00013319109164877657
0.00012135201786612774
0.00010943221740657261
9.757181198390392e-5
8.590583362225046e-5
7.456345630566668e-5
6.366726317211538e-5
5.3332552973466174e-5
4.3666689321602015e-5
3.476849602178135e-5
2.67277015591401e-5
1.9624435553788393e-5
1.352877973561271e-5
8.500375712935613e-6
4.588091520990825e-6
1.8297486381506762e-6
2.519108514927243e-7
-1.3026395989875052e-7
6.86891626041302e-7
2.6955341207657406e-6
5.876352870434854e-6
1.0198677778830844e-5
1.5620650462848795e-5
2.2089457974533186e-5
2.9541627906903542e-5
3.790338338992484e-5
4.709105617948249e-5
5.7011555747593886e-5
6.756289199781426e-5
7.863474895725574e-5
9.010910653719973e-5
0.00010186090720921773
0.00011375876421424038
0.0001256657077092755
0.00013743996506151044
0.00014893577132332237
0.0001600042057651381
0.0001704940502068968
0.00018025266477377663
0.00018912687660840416
0.00019696387700044587
0.00020361212234566308
0.0002089222343204092
0.00021274789465433987
0.00021494672990378174
0.00021538118167069572
0.00021391935777728287
0.00021043585999367632
0.00020481258402545724
0.0001969394875983689
0.00018671532262895906
0.00017404832764123413
0.00015885687677989318
0.0001410700819794402
0.00012062834507439519
9.748385687785326e-5
7.160104051260284e-5
4.295693654962718e-5
1.1541527791787573e-5
-2.2641998165587188e-5
-5.957705016203198e-5
-9.923349974052486e-5
-0.000141567613392647
-0.00018652205139268628
-0.00023402593350671722
-0.00028399497153457846
-0.00033633166831438895
-0.0003909255824924143
-0.0004476536580373036
-0.0005063806171585654
-0.0005669594149762017
-0.0006292317539832028
-0.0006930286560466358
-0.0007581710894077739
-0.0008244706478685265
-0.0008917302790916814
-0.0009597450586974432
-0.0010283030066096394
-0.0010971859418929173
-0.001166170372128302
-0.001235028413199589
-0.0013035287352080765
-0.00137143753009886
-0.0014385194964689925
-0.00150453883693681
-0.0015692602633830997
-0.0016324500053288876
-0.0016938768166916735
-0.0017533129761620866
-0.0018105352764661677
-0.0018653259978246926
-0.0019174738609899651
-0.00196677495533194
-0.0020130336375590026
-0.0020560633967936677
-0.0020956876818791935
-0.00213174068696896
-0.002164068091645482
-0.002192527752029275
-0.0022169903395683694
-0.0022373399244459717
-0.002253474500805441
-0.002265306451267056
-0.002272762948498717
-0.0022757862919013188
-0.0022743341777776227
-0.0022683799016695386
-0.002257912491871265
-0.002242936773453188
-0.002223473362462162
-0.002199558590296242
-0.002171244358584452
-0.002138597925233154
-0.002101701622628419
-0.0020606525093069114
-0.0020155619567245727
-0.0019665551730613613
-0.0019137706662998796
-0.001857359649104536
-0.0017974853883044588
-0.0017343225020464217
-0.0016680562079322532
-0.0015988815256873607
-0.001527002438122029
-0.001452631014343949
-0.001375986499358081
-0.0012972943743475946
-0.0012167853920664604
-0.001134694591889676
-0.0010512602991605033
-0.0009667231135450341
-0.0008813248911525595
-0.0007953077252053353
-0.0007089129300433365
-0.0006223800332284289
-0.0005359457804682032
-0.0004498431580127122
-0.0003643004370878674
-0.00027954024481773395
-0.00019577866595494928
-0.00011322437958464787
-3.2077834793352715e-5
4.746953089885407e-5
0.00012523602675599077
0.00020105039433544104
0.0002747524401753803
0.0003461936128066265
0.0004152375215085264
0.0004817603945141566
0.000545651474666693
0.0006068133508348394
0.0006651622237092132
0.0007206281049220171
0.000773154948757625
0.0008227007160502854
0.0008692373701953761
0.0009127508055309559
0.0009532407086750819
0.0009907203537299514
0.0010252163325847447
0.0010567682218635588
0.0010854281883714814
0.001111260535189166
0.001134341190852791
0.0011547571443306119
0.0011726058287681207
0.0011879944572198305
0.0012010393138157237
0.0012118650040233011
0.0012206036678609371
0.0012273941600939168
0.0012323812016002671
0.0012357145062285371
0.0012375478875833793
0.0012380383502665997
0.0012373451701708168
0.0012356289684696956
0.0012330507839726633
0.0012297711485129727
0.0012259491700159612
0.0012217416278494707
0.001217302084990891
0.0012127800214554942
0.001208319993319098
0.0012040608215351915
0.0012001348145931315
0.0011966670288906496
0.0011937745705015395
0.0011915659418089916
0.001190140436247645
0.001189587584154148
0.0011899866524680833
0.0011914062007537705
0.0011939036957300721
0.0011975251862012745
0.001202305039978862
0.001208265744073036
0.001215417769115684
0.0012237594986547467
0.0012332772236351441
0.0012439452020552024
0.001255725783461487
0.0012685695976206906
0.001282415806386356
0.0012971924174622928
0.001312816658455157
0.0013291954093072992
0.0013462256909091551
0.001363795207409572
0.0013817829394739342
0.0014000597854850719
0.0014184892474419905
0.0014369281580875943
0.0014552274455899284
0.001473232931913018
0.001490786160844095
0.0015077252514946841
0.001523885772964416
0.0015391016357491833
0.001553205995389869
0.0015660321637947954
0.0015774145236285618
0.0015871894411422633
0.001595196172825315
0.0016012777612871866
0.0016052819158281922
0.001607061873231781
0.0016064772344062124
0.0016033947726205996
0.0015976892092184707
0.0015892439528505816
0.0015779517984469285
0.0015637155823448469
0.0015464487902048486
0.0015260761145772966
0.001502533959230095
0.0014757708876090092
0.0014457480130767588
0.0014124393288633195
0.0013758319759564768
0.0013359264474671819
0.001292736728317138
0.0012462903694147596
0.001196628495808652
0.00114380574863343
0.0010878901609894661
0.0010289629682244063
0.0009671183534083949
0.0009024631291153676
0.0008351163569378492
0.0007652089064709584
0.000692882955801202
0.0006182914358256769
0.0005415974210060833
0.0004629734694280674
0.00038260091528859294
0.0003006691171710105
0.000217374665688098
0.00013292055427649663
4.7515317110651616e-5
-3.8627861730315354e-5
-0.00012529206356425503
-0.0002122575704734006
-0.0002993028162320942
-0.0003862053482087417
-0.00047274279559770475
-0.0005586938393013746
-0.0006438391787701235
-0.0007279624911182728
-0.0008108513778675992
-0.0008922982947260823
-0.0009721014598882906
-0.0010500657364446464
-0.0011260034846093197
-0.0011997353796200589
-0.0012710911913272152
-0.0013399105216727288
-0.0014060434964620386
-0.0014693514080517801
-0.0015297073058126547
-0.0015869965314788627
-0.0016411171967617411
-0.001691980600884441
-0.0017395115859852861
-0.001783648828638393
-0.001824345066049811
-0.001861567255804279
-0.0018952966683601859
-0.0019255289118168845
-0.0019522738888075235
-0.0019755556857004625
-0.0019954123946214646
-0.0020118958691356425
-0.0020250714147509574
-0.0020350174157223525
-0.0020418248999458035
-0.002045597044033157
-0.0020464486209501383
-0.0020445053928799133
-0.0020399034522417077
-0.0020327885140469224
-0.0020233151630126957
-0.0020116460590737712
-0.001997951105136789
-0.0019824065811056817
-0.001965194248371868
-0.0019465004291075478
-0.0019265150648239237
-0.0019054307587580072
-0.0018834418067312634
-0.0018607432211803913
-0.0018375297530946627
-0.0018139949166053454
-0.0017903300209607175
-0.0017667232145851123
-0.0017433585458624858
-0.0017204150452044334
-0.0016980658328598157
-0.0016764772567986574
-0.0016558080648573779
-0.0016362086151664066
-0.001617820128695621
-0.001600773987548749
-0.0015851910824158685
-0.0015711812123545205
-0.0015588425398158688
-0.0015482611035640436
-0.0015395103918556024
-0.0015326509779532854
-0.0015277302197453887
-0.0015247820249305749
-0.0015238266829093222
-0.0015248707641990409
-0.0015279070878617055
-0.001532914757102318
-0.0015398592628651795
-0.001548692654924486
-0.0015593537796377269
-0.0015717685832064088
-0.001585850478970285
-0.0016015007769501289
-0.0016186091735516416
-0.0016370542990508268
-0.0016567043202004878
-0.0016774175950298256
-0.001699043376655686
-0.0017214225626861017
-0.001744388486575537
-0.001767767747087744
-0.0017913810718373896
-0.0018150442107164857
-0.0018385688548669778
-0.0018617635767373074
-0.001884434786658963
-0.0019063877012994773
-0.0019274273192913859
-0.0019473593993026127
-0.001965991435802766
-0.0019831336277919428
-0.0019985998357937994
-0.002012208522472688
-0.0020237836723152568
-0.0020331556859197186
-0.0020401622445604638
-0.00204464914084122
-0.0020464710714158726
-0.00204549238794146
-0.0020415878026319293
-0.002034643045002905
-0.0020245554666359464
-0.002011234591044359
-0.0019946026059903506
-0.0019745947958838567
-0.0019511599121853586
-0.001924260480037012
-0.0018938730396569567
-0.0018599883213492412
-0.0018226113533048181
-0.0017817615016960016
-0.0017374724428959624
-0.0016897920679847397
-0.0016387823200321868
-0.00158451896497468
-0.001527091297224697
-0.0014666017814689229
-0.0014031656324198596
-0.001336910334586446
-0.001267975104419497
-0.0011965102974664389
