0.0
1.1980805355354631e-6
2.3846571309409057e-6
3.548290009734045e-6
4.67766739810631e-6
5.761668716309425e-6
6.789426802585536e-6
7.750388854604792e-6
8.634375779712517e-6
9.43163965315222e-6
1.013291899278228e-5
1.072949156959693e-5
1.1213224485543797e-5
1.1576621263639927e-5
1.1812865710160616e-5
1.1915862324637549e-5
1.1880273050475401e-5
1.1701550177097286e-5
1.1375965223568431e-5
1.0900633653531637e-5
1.0273535291919551e-5
9.493530335186662e-6
8.560370868622409e-6
7.474707826559979e-6
6.238093353873802e-6
4.852978549950242e-6
3.3227065992098167e-6
1.651501315142823e-6
-1.5554885242007827e-7
-2.0925112745556904e-6
-4.1526339705882145e-6
-6.328374689371455e-6
-8.611434107199783e-6
-1.0992792984538635e-5
-1.3462753104034024e-5
-1.6010981793395905e-5
-1.8626559818838893e-5
-2.1298032417900773e-5
-2.401346322472216e-5
-2.6760490826339785e-5
-2.9526387675292518e-5
-3.229812107192875e-5
-3.5062415919294154e-5
-3.780581894442403e-5
-4.0514764072307064e-5
-4.317563863276655e-5
-4.5774850076050654e-5
-4.829889287005637e-5
-5.0734415250849195e-5
-5.306828549848569e-5
-5.5287657412102676e-5
-5.7380034661789236e-5
-5.933333369989593e-5
-6.113594492113016e-5
-6.277679176900624e-5
-6.424538749592655e-5
-6.553188929531358e-5
-6.662714953674387e-5
-6.75227638488877e-5
-6.821111581016867e-5
-6.868541802334983e-5
-6.893974936765018e-5
-6.896908824040971e-5
-6.876934161966519e-5
-6.8337369799178e-5
-6.767100666836967e-5
-6.676907543116987e-5
-6.563139967985885e-5
-6.425880976248576e-5
-6.265314440525446e-5
-6.081724757427717e-5
-5.875496058419566e-5
-5.6471109484240184e-5
-5.397148777522992e-5
-5.12628345337047e-5
-4.83528080416968e-5
-4.524995504250713e-5
-4.196367576412364e-5
-3.8504184872513866e-5
-3.488246853683766e-5
-3.111023780755719e-5
-2.719987852638664e-5
-2.3164398003924787e-5
-1.901736871657684e-5
-1.4772869288912297e-5
-1.044542304086031e-5
-6.049934391038216e-6
-1.6016234179945338e-6
2.8840411098340054e-6
7.3914099171427246e-6
1.190472229348175e-5
1.6408175725019242e-5
2.088599575488972e-5
2.532250573948982e-5
2.9702196168519425e-5
3.4009793218612904e-5
3.8230326214060184e-5
4.234919367335633e-5
4.635222762712076e-5
5.022575590125527e-5
5.3956662069029086e-5
5.7532442787034995e-5
6.094126224260383e-5
6.417200345422948e-5
6.721431618177718e-5
7.005866121965048e-5
7.26963508635941e-5
7.511958536032881e-5
7.732148516865848e-5
7.929611888096228e-5
8.103852667499209e-5
8.254473918752823e-5
8.38117917236061e-5
8.483773373759797e-5
8.562163354531395e-5
8.616357824935685e-5
8.646466888311992e-5
8.652701080193574e-5
8.635369937286223e-5
8.59488010373097e-5
8.531732984306516e-5
8.446521956414452e-5
8.339929154819515e-5
8.212721845177526e-5
8.065748404365337e-5
7.899933927520334e-5
7.716275483492717e-5
7.515837042102857e-5
7.299744098170764e-5
7.069178018736899e-5
6.825370141216537e-5
6.569595651417131e-5
6.303167271393661e-5
6.027428788015969e-5
5.7437484538702116e-5
5.453512292709777e-5
5.158117342107173e-5
4.858964866234678e-5
4.557453571817083e-5
4.254972860254127e-5
3.952896148703092e-5
3.652574292545149e-5
3.35532914113367e-5
3.0624472580419476e-5
2.7751738361945345e-5
2.494706837285285e-5
2.2221913837605532e-5
1.95871443038379e-5
1.7052997410039474e-5
1.4629031946316327e-5
1.232408443291294e-5
1.0146229423728542e-5
8.102743723608108e-6
6.20007468881844e-6
4.443812759930319e-6
2.8386683554168687e-6
1.388453232749249e-6
9.606640172901567e-8
-1.0365153476500769e-6
-2.0082422632588975e-6
-2.8189917781805345e-6
-3.469563993715313e-6
-3.9616725273623375e-6
-4.2979307778942696e-6
-4.481833682173813e-6
-4.517735060514372e-6
-4.410820669057018e-6
-4.167077098713644e-6
-3.793256680608567e-6
-3.296838577540114e-6
-2.6859862596808426e-6
-1.969501580451403e-6
-1.1567756851503785e-6
-2.577370004187851e-7
7.172034331101159e-7
1.7572090096504119e-6
2.8510767016510628e-6
3.987298000589052e-6
5.154121349292455e-6
6.339615752690346e-6
7.531735248204872e-6
8.718383912888673e-6
9.887481081890391e-6
1.1027026451914323e-5
1.212516474402952e-5
1.3170249602478381e-5
1.415090641002031e-5
1.5056093705805474e-5
1.587516289877848e-5
1.6597915978128233e-5
1.7214660932285492e-5
1.7716264599375347e-5
1.8094202684801322e-5
1.8340606695707623e-5
1.8448307557367862e-5
1.8410875693008204e-5
1.8222657366103642e-5
1.787880710271249e-5
1.7375316030830783e-5
1.670903599397496e-5
1.5877699317125652e-5
1.4879934124691021e-5
1.3715275132171413e-5
1.238416985561097e-5
1.088798020560527e-5
9.228979455484297e-6
7.4103445961826665e-6
5.4361441131552575e-6
3.3113212433570553e-6
1.0416727926894343e-6
-1.3661763836940032e-6
-3.904803114350219e-6
-6.566019713019652e-6
-9.340911683692565e-6
-1.2219879144987684e-5
-1.5192681771112e-5
-1.824848702921502e-5
-2.1375921476570844e-5
-2.456312486581223e-5
-2.7797806792461843e-5
-3.106730560633258e-5
-3.435864929707227e-5
-3.7658618054239885e-5
-4.095380819390219e-5
-4.423069713684069e-5
-4.747570911811541e-5
-5.0675281303964116e-5
-5.381592998983299e-5
-5.688431655276684e-5
-5.9867312832417226e-5
-6.275206561756254e-5
-6.552605991926417e-5
-6.817718071757092e-5
-7.069377287602583e-5
-7.306469892706648e-5
-7.527939444171284e-5
-7.732792070865404e-5
-7.920101446091009e-5
-8.089013440260785e-5
-8.238750430398798e-5
-8.368615244948351e-5
-8.477994724149859e-5
-8.566362878127426e-5
-8.633283626787561e-5
-8.678413107676414e-5
-8.701501540053898e-5
-8.702394635613278e-5
-8.681034548492785e-5
-8.63746035948062e-5
-8.571808091595362e-5
-8.484310256519123e-5
-8.375294933659402e-5
-8.245184385906414e-5
-8.094493218424387e-5
-7.923826089056566e-5
-7.733874981124223e-5
-7.525416051547582e-5
-7.299306069302779e-5
-7.056478461241133e-5
-6.797938984227521e-5
-6.524761044392555e-5
-6.238080686029645e-5
-5.9390912742957074e-5
-5.629037897382985e-5
-5.30921151521414e-5
-4.980942882965047e-5
-4.6455962788335495e-5
-4.304563066443816e-5
-3.9592551230975467e-5
-3.6110981657536236e-5
-3.2615250071320875e-5
-2.9119687746937054e-5
-2.5638561254431383e-5
-2.2186004895377544e-5
-1.877595375558392e-5
-1.5422077700112236e-5
-1.2137716631833052e-5
-8.93581732871618e-6
-5.8288721674721435e-6
-2.8288600320838626e-6
5.281030477408242e-8
2.8053540513866737e-6
5.4186612549758384e-6
7.88334439985443e-6
1.0190782513410178e-5
1.2333161564515934e-5
1.4303510956966015e-5
1.609573593950125e-5
1.770464577383278e-5
1.9125977522693816e-5
2.0356415341247994e-5
2.1393605177058544e-5
2.2236164806159556e-5
2.2883689155472063e-5
2.3336750884750267e-5
2.359689622432496e-5
2.3666636088012707e-5
2.3549432503570905e-5
2.3249680425887438e-5
2.2772685020586545e-5
2.2124634527802165e-5
2.1312568837406024e-5
2.0344343927877084e-5
1.9228592341156993e-5
1.7974679885157316e-5
1.6592658773972252e-5
1.509321743321369e-5
1.3487627214145355e-5
1.1787686275360087e-5
1.0005660904555285e-5
8.154224565442876e-6
6.246394965919481e-6
4.295469453274041e-6
2.3149590503641507e-6
3.185214533212083e-7
-1.6801066835914541e-6
-3.667177846869891e-6
-5.629001815437525e-6
-7.552013533863559e-6
-9.422840377260909e-6
-1.1228368480959068e-5
-1.2955807812610151e-5
-1.45927556705146e-5
-1.6127258299630684e-5
-1.7547870325907097e-5
-1.8843711720217438e-5
-2.0004522015217663e-5
-2.1020711511844233e-5
-2.188340922684356e-5
-2.2584507348612584e-5
-2.311670198565131e-5
-2.347353000999796e-5
-2.36494018170533e-5
-2.3639629843100454e-5
-2.344045270250228e-5
-2.304905482790196e-5
-2.2463581518664526e-5
-2.168314932516574e-5
-2.0707851719256467e-5
-1.9538760024188063e-5
-1.8177919600370583e-5
-1.6628341306435755e-5
-1.4893988278075056e-5
-1.2979758089914196e-5
-1.0891460388150666e-5
-8.635790103714037e-6
-6.220296377205541e-6
-3.6533473477169686e-6
-9.440909777356306e-7
1.8975878944034593e-6
4.8611140647401985e-6
7.935271809514745e-6
1.1108257823354215e-5
1.4367736991587353e-5
1.7700900724737007e-5
2.1094527570852427e-5
2.4535045810340833e-5
2.8008597728415748e-5
3.1501105252210825e-5
3.499833663308462e-5
3.8485973849676195e-5
4.1949680403886954e-5
4.5375169180197106e-5
4.874827003855106e-5
5.20549968124984e-5
5.5281613387328026e-5
5.841469853756818e-5
6.144120920944126e-5
6.43485419415941e-5
6.712459212666964e-5
6.97578108269755e-5
7.223725886959123e-5
7.455265795969216e-5
7.669443856556335e-5
7.86537843446855e-5
8.042267289730161e-5
8.199391265193619e-5
8.336117570636298e-5
8.45190264673848e-5
8.54629459534291e-5
8.61893516452543e-5
8.669561279190898e-5
8.698006110138321e-5
8.704199676802106e-5
8.688168981162413e-5
8.650037672614934e-5
8.590025245888001e-5
8.508445776381465e-5
8.40570619956601e-5
8.282304143312569e-5
8.138825324207972e-5
7.975940521044637e-5
7.794402140738373e-5
7.595040393918682e-5
7.378759099341522e-5
7.146531138084958e-5
6.89939358019521e-5
6.638442508046212e-5
6.36482756215082e-5
6.079746236511109e-5
5.78443795181011e-5
5.480177935823128e-5
5.1682709413583566e-5
4.850044832817706e-5
4.5268440730984004e-5
4.200023143028241e-5
3.87093992584189e-5
3.540949089360468e-5
3.211395498529823e-5
2.8836076908068645e-5
2.558891446556484e-5
2.2385234861369376e-5
1.9237453247117012e-5
1.615757315032188e-5
1.3157129074948488e-5
1.0247131556903922e-5
7.438014944384354e-6
4.739588159448924e-6
2.1609886823538776e-6
-2.893600158217544e-7
-2.6037873838572084e-6
-4.775410854118405e-6
-6.798166888152601e-6
-8.666837852893073e-6
-1.0377074596874189e-5
-1.1925414617162623e-5
-1.3309295729553326e-5
-1.4527065176839455e-5
-1.557798413256312e-5
-1.646222758043923e-5
-1.718087957254577e-5
-1.7735923892244266e-5
-1.8130230170542827e-5
-1.836753552712179e-5
-1.8452421829396997e-5
-1.8390288684690114e-5
-1.8187322301706313e-5
-1.7850460377973418e-5
-1.7387353189590402e-5
-1.6806321078444707e-5
-1.6116308549920453e-5
-1.5326835210928906e-5
-1.4447943793768074e-5
-1.3490145525794448e-5
-1.2464363118075093e-5
-1.1381871658038085e-5
-1.0254237701580403e-5
-9.093256869084906e-6
-7.910890257284662e-6
-6.7191999848706846e-6
-5.530284194126312e-6
-4.3562118336769665e-6
-3.208957548643316e-6
-2.100337004081839e-6
-1.041942965585016e-6
-4.5082457308790774e-8
8.792846874924767e-7
1.720605575078574e-6
2.468791998899764e-6
3.1142758959885835e-6
3.6480622328919507e-6
4.061779054516565e-6
4.347724443125447e-6
4.498910149839693e-6
4.509101677287151e-6
4.3728546094253555e-6
4.0855470029611225e-6
3.6434076741024633e-6
3.0435402345219614e-6
2.2839427512751993e-6
1.3635229269123467e-6
2.8210871803034483e-7
-9.595456670606904e-7
-2.35975842816106e-6
-3.9159235041816765e-6
-5.624518566016885e-6
-7.4811176390233616e-6
-9.480408300030835e-6
-1.1616213371255367e-5
-1.3881517011306512e-5
-1.6268495081770892e-5
-1.8768549646741164e-5
-2.1372347442223966e-5
-2.4069862132725137e-5
-2.685042015354739e-5
-2.970274991956378e-5
-3.2615034164512635e-5
-3.5574965159296236e-5
-3.85698025434194e-5
-4.158643349065819e-5
-4.4611434918357374e-5
-4.7631137439480144e-5
-5.0631690747727934e-5
-5.3599130118747265e-5
-5.651944370469249e-5
-5.937864029523313e-5
-6.216281721551839e-5
-6.485822803063197e-5
-6.745134972671947e-5
-6.992894904121741e-5
-7.227814761847066e-5
-7.448648567245643e-5
-7.654198384532683e-5
-7.843320295899497e-5
-8.014930136698464e-5
-8.168008962518742e-5
-8.301608221297904e-5
-8.414854605026137e-5
-8.506954557136469e-5
-8.577198413327605e-5
-8.624964155328987e-5
-8.649720758980569e-5
-8.651031119954505e-5
-8.628554542482144e-5
-8.582048778558313e-5
-8.511371607264779e-5
-8.416481946075974e-5
-8.297440488271517e-5
-8.154409862870547e-5
-7.987654315811785e-5
-7.797538913418607e-5
-7.584528271499367e-5
-7.349184815728727e-5
-7.092166581223462e-5
-6.814224561456975e-5
-6.516199618837702e-5
-6.19901897139832e-5
-5.86369227209479e-5
-5.5113072991855906e-5
-5.143025278044264e-5
-4.760075856541877e-5
-4.3637517578118665e-5
-3.955403135770899e-5
-3.536431660205751e-5
-3.1082843595442076e-5
-2.6724472505979053e-5
-2.230438785593195e-5
-1.7838031476874266e-5
-1.3341034268964504e-5
-8.829147089339603e-6
-4.318171098789843e-6
1.7611210156090453e-7
4.6380102108912446e-6
9.051989514632976e-6
1.340274338600591e-5
1.7675259677294512e-5
2.1854886680489107e-5
2.592739734392992e-5
2.9879051440145227e-5
3.369665539008676e-5
3.73676194604247e-5
4.088001206339062e-5
4.4222610902791364e-5
4.7384950725206656e-5
5.0357367451921733e-5
5.313103848478734e-5
5.56980189978317e-5
5.8051274045988935e-5
6.018470634267055e-5
6.209317957897016e-5
6.377253717897465e-5
6.52196164078399e-5
6.643225777186512e-5
6.740930967267474e-5
6.815062830064819e-5
6.865707277584417e-5
6.893049556771659e-5
6.89737282477999e-5
6.879056265216066e-5
6.838572755262603e-5
6.776486095753645e-5
6.693447818389204e-5
6.590193586319084e-5
6.467539206287427e-5
6.326376272401773e-5
6.167667463363198e-5
5.992441516659953e-5
5.8017879047758463e-5
5.5968512398914155e-5
5.378825434851125e-5
5.1489476493297714e-5
4.908492051147582e-5
4.6587634235540124e-5
4.4010906500179276e-5
4.1368201086263595e-5
3.867309008599351e-5
3.593918701675358e-5
3.318008001207491e-5
3.0409265417357936e-5
2.7640082115650352e-5
2.4885646904824508e-5
2.215879124197282e-5
1.9471999663770203e-5
1.6837350182967027e-5
1.4266456951127871e-5
1.1770415466258862e-5
9.359750591133655e-6
7.0443676340005116e-6
4.833506727985404e-6
2.735700728998989e-6
7.587368343654765e-7
-1.0903778941799937e-6
-2.8054469389402905e-6
-4.381110522236613e-6
-5.812867466959174e-6
-7.097092620290188e-6
-8.2310497612445e-6
-9.212899935099207e-6
-1.0041705180483418e-5
-1.0717427637754253e-5
-1.1240924050186446e-5
-1.1613935692343528e-5
-1.183907378264884e-5
-1.1919800459555131e-5
-1.1860405422668686e-5
-1.1665978361653454e-5
-1.1342377316583775e-5
-1.0896193133551304e-5
-1.0334710198649206e-5
-9.66586365186416e-6
-8.89819329982066e-6
-8.04079446264125e-6
-7.103266005351706e-6
-6.0956558181756835e-6
-5.028404022677096e-6
-3.912284191944788e-6
-2.758342882840149e-6
-1.577837786657952e-6
-3.8217481139147483e-7
8.171555859400525e-7
2.008642494724439e-6
3.1808187496691127e-6
4.32232490839599e-6
5.421972684017952e-6
6.46880751168439e-6
7.452169932370358e-6
8.361755483021297e-6
9.187672789557645e-6
9.920499568111401e-6
1.0551336250220372e-5
1.1071856959441476e-5
1.1474357579943981e-5
1.1751800672017997e-5
1.1897857005022644e-5
1.1906943495035105e-5
1.1774257352234935e-5
1.1495806261811944e-5
1.1068434441815736e-5
1.0489844441758713e-5
9.758614566879819e-6
8.874211834627539e-6
7.837000392041723e-6
6.64824534521719e-6
5.310111974746109e-6
3.825660333930676e-6
2.198835249441871e-6
4.344517669139852e-7
-1.4618238934128492e-6
-3.4834977836065403e-6
-5.6232759682190775e-6
-7.873096427088362e-6
-1.0224164969409815e-5
-1.2666994987724923e-5
-1.5191450861340957e-5
-1.7786794800452987e-5
-2.0441736905045004e-5
-2.314448819654193e-5
-2.588281636525042e-5
-2.8644103962975665e-5
-3.1415408757839605e-5
-3.418352595737476e-5
-3.693505199644479e-5
-3.965644957849288e-5
-4.233411365212214e-5
-4.4954438000039263e-5
-4.750388211403094e-5
-4.996903802786124e-5
-5.233669677981051e-5
-5.459391417802533e-5
-5.6728075544889276e-5
-5.872695912126189e-5
-6.057879781763637e-5
-6.227233900700101e-5
-6.379690206343301e-5
-6.514243336113817e-5
-6.62995584607526e-5
-6.72596312231549e-5
-6.801477960576183e-5
-6.855794791219617e-5
-6.88829352832779e-5
-6.898443023538477e-5
-6.885804107128706e-5
-6.850032200848762e-5
-6.790879489078369e-5
-6.708196637013238e-5
-6.601934046781734e-5
-6.472142644628966e-5
-6.318974194578795e-5
-6.142681136278572e-5
-5.943615947041309e-5
-5.7222300304081083e-5
-5.4790721358524816e-5
-5.214786316527258e-5
-4.930109434197473e-5
-4.6258682227062776e-5
-4.302975923466495e-5
-3.9624285085525654e-5
-3.605300508976643e-5
-3.232740467652182e-5
-2.845966038379296e-5
-2.446258753909442e-5
-2.0349584877602206e-5
-1.613457635946937e-5
-1.1831950461615243e-5
-7.4564972316607165e-6
-3.0233434026018233e-6
1.4521141236959906e-6
5.954276108084334e-6
1.0467409798273455e-5
1.4975718418077023e-5
1.9463410991025717e-5
2.3914772165919958e-5
2.8314231711789777e-5
3.264643335129812e-5
3.689630260473487e-5
4.104911332150745e-5
4.50905525823385e-5
4.900678366321161e-5
5.2784506761481656e-5
5.641101719534362e-5
5.987426080007724e-5
6.316288625803701e-5
6.626629411416861e-5
6.917468224489254e-5
7.18790875653316e-5
7.437142377808001e-5
7.664451498586806e-5
7.869212501048639e-5
8.050898228113424e-5
8.209080017678446e-5
8.343429272917284e-5
8.453718561546911e-5
8.539822239247463e-5
8.601716594722413e-5
8.639479516199885e-5
8.653289681490766e-5
8.643425276022565e-5
8.610262245549105e-5
8.554272092484482e-5
8.476019227013343e-5
8.376157886278468e-5
8.255428637030141e-5
8.114654479129515e-5
7.954736569220678e-5
7.77664958571367e-5
7.581436757945028e-5
7.370204583993929e-5
7.144117263124622e-5
6.904390870189987e-5
6.652287300563023e-5
6.389108015253638e-5
6.116187616814641e-5
5.834887287437386e-5
5.546588121280383e-5
5.252684383560794e-5
4.9545767292660263e-5
4.653665414509072e-5
4.351343533557979e-5
4.048990314412601e-5
3.7479645054869476e-5
3.449597885479327e-5
3.1551889278814036e-5
2.8659966507922592e-5
2.5832346817684454e-5
2.3080655663624975e-5
2.041595347782108e-5
1.7848684437508818e-5
1.5388628451709884e-5
1.3044856595893225e-5
1.0825690207577416e-5
8.738663837635983e-6
6.790492232979556e-6
4.987041506350411e-6
3.3333046282698988e-6
1.833381354842202e-6
4.904626832203848e-7
-6.931800957828252e-7
-1.7162017011211553e-6
-2.5781844970323445e-6
-3.2796354596905376e-6
-3.821978497011415e-6
-4.207542166490482e-6
-4.4395428585797626e-6
-4.522063535396893e-6
-4.4600281363961176e-6
-4.259171783906555e-6
-3.9260069420599405e-6
-3.467785702481787e-6
-2.8924583891101257e-6
-2.208628692547863e-6
-1.4255055613466367e-6
-5.52852093496825e-7
3.9906831393531925e-7
1.4195482856872565e-6
2.497494976301657e-6
3.621490471202266e-6
4.77985377758748e-6
5.960704094173952e-6
7.152025042647834e-6
8.34172953906258e-6
9.517724980397429e-6
1.066797842005841e-5
1.1780581406284601e-5
1.2843814159203616e-5
1.3846208765665338e-5
1.4776611075936836e-5
1.5624240992864212e-5
1.6378750852142314e-5
1.7030281601855805e-5
1.756951650041693e-5
1.7987732064362068e-5
1.8276846011137707e-5
1.8429461956918556e-5
1.8438910645603753e-5
1.8299287502334096e-5
1.800548632308964e-5
1.755322893107701e-5
1.693909065058917e-5
1.616052146973177e-5
1.5215862784767393e-5
1.4104359640685748e-5
1.2826168404926365e-5
1.1382359833766378e-5
9.77491751370153e-6
8.006731683051674e-6
6.081588461871781e-6
4.0041545410056115e-6
1.779957403588763e-6
-5.846388255687987e-7
-3.0824617856126576e-6
-5.705563402128941e-6
-8.44525636788899e-6
-1.1292154403653137e-5
-1.4236216102081626e-5
-1.7266792139998226e-5
-2.037267562755204e-5
-2.3542155347201546e-5
-2.67630716210857e-5
-3.002287453225048e-5
-3.330868421343928e-5
-3.660735290684269e-5
-3.990552848929496e-5
-4.318971915004388e-5
-4.644635890237852e-5
-4.9661873606107564e-5
-5.282274717522209e-5
-5.591558764396376e-5
-5.8927192765059815e-5
-6.184461481601135e-5
-6.465522429302728e-5
-6.73467721775185e-5
-6.990745046689079e-5
-7.232595066975644e-5
-7.459151997552514e-5
-7.669401481959359e-5
-7.862395157801587e-5
-8.037255413947451e-5
-8.193179811758243e-5
-8.32944514829125e-5
-8.445411141160138e-5
-8.540523716584501e-5
-8.614317884096697e-5
-8.66642018339397e-5
-8.696550690914556e-5
-8.704524575869362e-5
-8.69025319766475e-5
-8.653744738896301e-5
-8.595104370366988e-5
-8.514533946874895e-5
-8.41233123481493e-5
-8.288888674932646e-5
-8.144691685848312e-5
-7.980316516220822e-5
-7.79642765563558e-5
-7.593774816467335e-5
-7.373189501073919e-5
-7.13558117071562e-5
-6.881933034551375e-5
-6.61329747893099e-5
-6.330791158974147e-5
-6.035589776087455e-5
-5.728922566620809e-5
-5.412066528287837e-5
-5.086340412269995e-5
-4.753098510084511e-5
-4.4137242653106946e-5
-4.0696237411417915e-5
-3.7222189754468e-5
-3.37294125559069e-5
-3.0232243456698548e-5
-2.6744976990639052e-5
-2.3281796892938847e-5
-1.9856708921002164e-5
-1.6483474514177728e-5
-1.3175545615314836e-5
-9.94600097139528e-6
-6.807484223451006e-6
-3.77214408735356e-6
-8.515769169811132e-7
1.9432280702250506e-6
4.601940638205655e-6
7.114938194785118e-6
9.47335103422653e-6
1.1669103938924483e-5
1.3694953936982337e-5
1.554452403110729e-5
1.7212332733813592e-5
1.869381926432051e-5
1.9985364283624003e-5
2.1084306065916518e-5
2.1988952026743718e-5
2.2698585550872226e-5
2.3213468085728706e-5
2.3534836489317305e-5
2.3664895644627998e-5
2.360680637560509e-5
2.336466872262645e-5
2.294350065805241e-5
2.234921234461756e-5
2.1588576061158357e-5
2.0669191941279468e-5
1.959944969097122e-5
1.838848647078557e-5
1.704614114687203e-5
1.5582905132880523e-5
1.4009870061347958e-5
1.233867253865171e-5
1.0581436251825225e-5
8.750711708441231e-6
6.859413902317076e-6
4.920758207896646e-6
2.948194814813908e-6
9.55342021252683e-7
-1.0440812897186512e-6
-3.0363236626647706e-6
-5.007669240612323e-6
-6.944505762861638e-6
-8.83339205930634e-6
-1.0661124713241e-5
-1.2414803568682019e-5
-1.4081895763876293e-5
-1.5650297979843722e-5
-1.7108396601512776e-5
-1.844512549918517e-5
-1.9650021149661032e-5
-2.0713274829337856e-5
-2.1625781625860373e-5
-2.2379186030415712e-5
-2.2965923889435274e-5
-2.3379260512207083e-5
-2.361332474964566e-5
-2.366313887909607e-5
-2.3524644150492156e-5
-2.3194721870329525e-5
-2.2671209921655458e-5
-2.195291464051445e-5
-2.1039617991908528e-5
-1.9932080011226768e-5
-1.863203650015337e-5
-1.714219198917661e-5
-1.5466208001856743e-5
-1.3608686678888477e-5
-1.1575149842568629e-5
-9.372013604462029e-6
-7.006558640744991e-6
-4.486896280756386e-6
-1.8219305746524056e-6
9.786834744125457e-7
3.904585309530748e-6
6.944757629024225e-6
1.0087578366958577e-5
1.3320875591587456e-5
1.66319850540084e-5
2.0007810106494002e-5
2.3434883698498166e-5
2.6899432148346663e-5
3.0387440380055256e-5
3.388471830771555e-5
3.737696804442306e-5
4.08498516088166e-5
4.428905880003917e-5
4.7680374911222866e-5
5.100974795255292e-5
5.4263355057506717e-5
5.7427667749983045e-5
6.048951575577413e-5
6.343614904906325e-5
6.625529783341361e-5
6.893523016694876e-5
7.146480695305816e-5
7.383353403099562e-5
