0.0
-2.395987142620892e-6
-4.767948520294356e-6
-7.092114775010799e-6
-9.345227081614122e-6
-1.1504786730701695e-5
-1.3549297944416924e-5
-1.545850175750784e-5
-1.7213598870592462e-5
-1.879745947463125e-5
-2.019481815440702e-5
-2.139245210346289e-5
-2.2379341022431923e-5
-2.314680722586441e-5
-2.3688634648271962e-5
-2.4001165616803342e-5
-2.4083374444300635e-5
-2.3936917090933467e-5
-2.35661563435779e-5
-2.297816216795255e-5
-2.2182687097560877e-5
-2.1192116734000104e-5
-2.002139564346257e-5
-1.868792914254249e-5
-1.7211461671068916e-5
-1.561393264892494e-5
-1.3919310906052009e-5
-1.215340895849121e-5
-1.034367857686781e-5
-8.51898925575017e-6
-6.70939134146895e-6
-4.945865711032242e-6
-3.2600620145958885e-6
-1.6840275975457774e-6
-2.499293047543254e-7
1.0102295617434942e-6
2.0648948101334864e-6
2.8832470983102467e-6
3.4354854802098683e-6
3.6931064006744163e-6
3.6291758067118283e-6
3.2185920882337786e-6
2.4383376252776443e-6
1.267716800859445e-6
-3.114215616802541e-7
-2.3144792614625635e-6
-4.753923075221549e-6
-7.639120049833319e-6
-1.097619521634644e-5
-1.4767913036369203e-5
-1.9013583707390405e-5
-2.3708995259804777e-5
-2.884637217661721e-5
-3.441436105863532e-5
-4.039804364509267e-5
-4.677897728377498e-5
-5.3535262727594605e-5
-6.064163891789941e-5
-6.80696042003704e-5
-7.578756320886753e-5
-8.37609984477268e-5
-9.195266540544205e-5
-0.00010032280984397003
-0.0001088294057296043
-0.00011742841210490683
-0.00012607404704791095
-0.00013471907672595848
-0.00014331511742822253
-0.00015181294835420813
-0.00016016283284616827
-0.0001683148456821635
-0.0001762192039940018
-0.0001838265993409603
-0.00019108852845628672
-0.00019795762018913086
-0.00020438795618973055
-0.0002103353829301778
-0.00021575781271658326
-0.0002206155114304274
-0.00022487137083670452
-0.00022849116341332635
-0.00023144377778924177
-0.0002337014330267793
-0.0002352398701456665
-0.00023603851946072077
-0.00023608064249096956
-0.00023535344739344084
-0.00023384817707853872
-0.00023156016937413168
-0.00022848888882058365
-0.00022463792989721833
-0.00022001499170039613
-0.00021463182431274877
-0.00020850414732041033
-0.0002016515411485783
-0.00019409731209373465
-0.0001858683321317009
-0.00017699485477279669
-0.00016751030841719646
-0.00015745106883368714
-0.0001468562125420781
-0.00013576725302226153
-0.00012422786180023805
-0.00011228357657231089
-9.998149862224342e-5
-8.736998186173785e-5
-7.449831588154557e-5
-6.141640543843038e-5
-4.817444882178931e-5
-3.48226175428752e-5
-2.1410739769284313e-5
-7.987989887866642e-6
5.397413479172177e-6
1.8698498756990548e-5
3.186981984618551e-5
4.486771965424448e-5
5.765057681591681e-5
7.017903383056048e-5
8.241620500084489e-5
9.432786272606048e-5
0.00010588260088330163
0.00011705197421949708
0.00012781061287510482
0.00013813631136465888
0.0001480100915485882
0.0001574162393431232
0.00016634231512894083
0.00017477913803273313
0.00018272074446739196
0.00019016432152426925
0.0001971101160133116
0.0002035613201421529
0.00020952393501189393
0.00021500661328379924
0.00022002048253608395
0.00022457895098200497
0.00022869749735840818
0.00023239344691659378
0.00023568573555387813
0.00023859466421369374
0.00024114164575377874
0.00024334894653539032
0.0002452394250211288
0.00024683626968460733
0.0002481627385317533
0.0002492419025110158
0.0002500963950483989
0.00025074816988338407
0.0002512182693039775
0.0002515266047839488
0.0002516917519136379
0.0002517307613884095
0.0002516589876769976
0.00025148993683678125
0.00025123513477574584
0.0002509040170829068
0.0002505038413617635
0.0002500396228064649
0.0002495140935594088
0.0002489276861836212
0.0002482785413751695
0.0002475625398317588
0.000246773357985279
0.00024590254710012697
0.0002449396350373068
0.00024387224978830708
0.00024268626369414672
0.0002413659570853563
0.00023989419990949262
0.00023825264975546137
0.00023642196453976664
0.00023438202798998988
0.00023211218594642075
0.0002295914914047588
0.00022679895614200206
0.00022371380670471158
0.00022031574249432815
0.00021658519365849138
0.00021250357649061627
0.00020805354405237467
0.000203219229765147
0.0001979864817666978
0.00019234308589791005
0.00018627897527084461
0.00017978642447298126
0.00017286022658242803
0.00016549785130419198
0.0001576995826871981
0.00014946863504442965
0.00014081124587302213
0.0001317367447559738
0.00012225759742084255
0.00011238942433181565
0.00010215099339823909
9.15641865934051e-5
8.065394049040015e-5
6.944816093540169e-5
5.797761229122706e-5
4.627578189346271e-5
3.4378720566435114e-5
2.2324860244950294e-5
1.0154809938506195e-5
-2.088868543973963e-6
-1.4361903520437989e-5
-2.661857326647514e-5
-3.8811980859551754e-5
-5.089434201602049e-5
-6.281728378643153e-5
-7.453215187770747e-5
-8.599032429138264e-5
-9.714352890607497e-5
-0.00010794416259009565
-0.00011834560940705156
-0.00012830255547360503
-0.00013777129804434256
-0.00014671004643380215
-0.00015507921243994213
-0.0001628416880062002
-0.00016996310795032983
-0.00017641209569660497
-0.00018216049007299662
-0.0001871835513754972
-0.00019146014505683358
-0.00019497290156512555
-0.00019770835103829327
-0.000199657031750749
-0.0002008135714086439
-0.0002011767405970515
-0.00020074947789536007
-0.00019953888639407305
-0.00019755620156549516
-0.0001948167306606481
-0.00019133976402345665
-0.00018714845892905374
-0.00018226969676423275
-0.0001767339145729513
-0.00017057491218674167
-0.0001638296363473163
-0.0001565379434051131
-0.0001487423423415598
-0.00014048772001319141
-0.0001318210506511805
-0.0001227910917693221
-0.00011344806873603606
-0.00010384335035077467
-9.402911783160126e-5
-8.40580296681975e-5
-7.398288482270649e-5
-6.385628676950169e-5
-5.373031085403246e-5
-4.365617742053377e-5
-3.368393310875157e-5
-2.3862142651439092e-5
-1.4237593417680311e-5
-4.855014842893816e-6
4.243185234577198e-6
1.3017165447010398e-5
2.1429875248999864e-5
2.94472571799595e-5
3.703842564683899e-5
4.417582102383305e-5
5.083533806236239e-5
5.699642780868729e-5
6.26421724364638e-5
6.775933261576966e-5
7.233836725680401e-5
7.637342568394013e-5
7.98623125122725e-5
8.280642571257273e-5
8.521066855988458e-5
8.708333636423195e-5
8.843597907739323e-5
8.928324105592654e-5
8.964267943604775e-5
8.95345627392514e-5
8.898165147735502e-5
8.800896266080814e-5
8.664352023353736e-5
8.491409356037742e-5
8.285092617844585e-5
8.048545709102069e-5
7.785003693101555e-5
7.497764135071635e-5
7.190158400476717e-5
6.865523148448075e-5
6.527172253346468e-5
6.178369382756116e-5
5.8223014536636165e-5
5.462053180233382e-5
5.100582916529539e-5
4.74069998583298e-5
4.385043674961586e-5
4.036064057331746e-5
3.6960047925201e-5
3.366888032930813e-5
3.0505015499855272e-5
2.7483881731802898e-5
2.4618376155562404e-5
2.1918807387669372e-5
1.939286290167151e-5
1.7045601233631014e-5
1.487946892625845e-5
1.2894341906508523e-5
1.1087590785188366e-5
9.454169365443404e-6
7.986725451562062e-6
6.675732861957125e-6
5.509643371997409e-6
4.475057145020733e-6
3.5569100547366167e-6
2.7386761605881077e-6
2.0025834706532937e-6
1.3298410153586314e-6
7.008751605613812e-7
9.557301122006139e-8
-5.064693024748012e-7
-1.1256957054896056e-6
-1.7823388958693781e-6
-2.4961709742401862e-6
-3.2862582429445613e-6
-4.170722397974029e-6
-5.166510283367045e-6
-6.289174306064462e-6
-7.55266551996238e-6
-8.969141281785719e-6
-1.054878925930408e-5
-1.2299669435317815e-5
-1.4227575599886467e-5
-1.6335917659670805e-5
-1.8625625918380662e-5
-2.1095078297564067e-5
-2.3740051273876475e-5
-2.655369510910361e-5
-2.9526533744209398e-5
-3.264648952023502e-5
-3.589893267868982e-5
-3.9266755383862936e-5
-4.2730469800999826e-5
-4.6268329559209496e-5
-4.9856473728005925e-5
-5.3469092243182086e-5
-5.707861153284312e-5
-6.0655898919442336e-5
-6.417048420997597e-5
-6.759079673549025e-5
-7.088441596396753e-5
-7.401833368863001e-5
-7.695922568776446e-5
-7.967373066318861e-5
-8.212873419322786e-5
-8.429165538314882e-5
-8.613073386184413e-5
-8.761531475853752e-5
-8.871612929746046e-5
-8.940556867191497e-5
-8.965794890165853e-5
-8.944976443885278e-5
-8.875992836742454e-5
-8.756999713798077e-5
-8.586437789463811e-5
-8.363051658039283e-5
-8.085906515290654e-5
-7.75440264017074e-5
-7.36828750295141e-5
-6.927665384331942e-5
-6.433004409359057e-5
-5.885140920086077e-5
-5.285281131657961e-5
-4.635000037759359e-5
-3.936237552945342e-5
-3.1912919011056934e-5
-2.402810281028386e-5
-1.5737768615442528e-5
-7.0749817988663405e-6
1.924139624895219e-6
1.122061992473376e-5
2.0772843130500963e-5
3.0536791550096234e-5
4.046630364519532e-5
5.051334942899436e-5
6.062832140793751e-5
7.076033896332046e-5
8.085756395904915e-5
9.086752526945522e-5
0.00010073744984679169
0.00011041459789235904
0.00011984659965867567
0.00012898179139297192
0.00013776954793470056
0.00014616060950174286
0.00015410740024132918
0.00016156433618213207
0.00016848812030297389
0.000174838022530588
0.00018057614259301964
0.00018566765378573582
0.0001900810258532161
0.00019378822534862707
0.00019676489200681592
0.00019899048984996746
0.00020044843193934268
0.00020112617788904988
0.00020101530346715313
0.00020011154182393212
0.00019841479610508393
0.00019592912342733415
0.00019266269041357838
0.0001886277007025501
0.00018384029506235628
0.00017832042494637294
0.00017209170053224008
0.0001651812144784658
0.00015761934281690356
0.00014943952457161533
0.00014067802185407493
0.00013137366232997096
0.00012156756608295026
0.00011130285901443745
0.00010062437501532098
8.95783492240157e-5
7.821210474563543e-5
6.657373524822498e-5
5.4711785873983854e-5
4.2674934905897393e-5
3.0511678613318127e-5
1.8270021663841734e-5
5.997175433743131e-6
-6.260733524371409e-6
-1.8458942689463205e-5
-3.055431839682088e-5
-4.2505604345682975e-5
-5.4273651995636524e-5
-6.582163121156361e-5
-7.71152196835746e-5
-8.812276982634221e-5
-9.881545205022375e-5
-0.00010916737349286268
-0.00011915567150309504
-0.0001287605813772066
-0.00013796547805929567
-0.00014675689173087927
-0.0001551244974282599
-0.0001630610790378147
-0.0001705624682275008
-0.00017762745907590806
-0.0001842576993563743
-0.00019045755962152403
-0.00019623398141148764
-0.0002015963060756614
-0.00020655608585175593
-0.00021112687898587544
-0.00021532403080228653
-0.00021916444274045212
-0.00022266633146886188
-0.00022584898025954366
-0.0002287324848632161
-0.0002313374961624903
-0.00023368496189898641
-0.00023579586976962307
-0.00023769099416764565
-0.00023939064880540694
-0.0002409144473987947
-0.00024228107451803097
-0.00024350806861695215
-0.0002446116191436273
-0.0002456063795101562
-0.0002465052975597767
-0.0002473194650161505
-0.00024805798723414343
-0.00024872787439497544
-0.0002493339551026962
-0.0002498788131451265
-0.00025036274798225427
-0.0002507837593202639
-0.0002511375559215852
-0.0002514175885922876
-0.0002516151070795437
-0.0002517192404054586
-0.0002517170999610156
-0.00025159390448688935
-0.0002513331258780519
-0.000250916654568017
-0.00025032498307771956
-0.0002495374061548335
-0.00024853223578310304
-0.0002472870292092139
-0.00024577882801796256
-0.00024398440618595394
-0.00024188052496063516
-0.00023944419234582368
-0.0002366529249275956
-0.00023348500974586077
-0.00022991976390740717
-0.0002259377896457822
-0.0002215212225619819
-0.00021665397082738701
-0.00021132194319629894
-0.0002055132637593201
-0.00019921847146998168
-0.0001924307025946839
-0.0001851458543692001
-0.000177362728292696
-0.00016908315165116295
-0.00016031207603515283
-0.00015105765180025788
-0.0001413312776115016
-0.0001311476244130529
-0.00012052463337091225
-0.00010948348754669682
-9.804855727375947e-5
-8.624731942077164e-5
-7.411025094096749e-5
-6.167069731564949e-5
-4.8964716706684805e-5
-3.603090083279672e-5
-2.2910173776938076e-5
-9.645570115301722e-6
3.718006068916121e-6
1.7134039563395666e-5
3.055467792559294e-5
4.393101889959474e-5
5.721340923119374e-5
7.035175266138992e-5
8.329582479605885e-5
9.599559248518515e-5
0.00010840153529952075
0.00012046496666606938
0.00013213835221676228
0.0001433756229170749
0.0001541324805731212
0.00016436669336667144
0.00017403837913725396
0.0001831102742184
0.0001915479857405813
0.0001993202254355489
0.00020639902311475416
0.0002127599181471407
0.00021838212742769362
0.00022324868850636978
0.0002273465767360274
0.0002306667954961938
0.00023320443875540808
0.00023495872544680252
0.0002359330053478534
0.00023613473637412946
0.000235575433416642
0.00023427058907130304
0.0002322395668252962
0.00022950546747712016
0.00022609496977299724
0.00022203814644060284
0.00021736825699010363
0.00021212151883075186
0.00020633685841739706
0.00020005564429387363
0.00019332140403814906
0.00018617952723620244
0.0001786769567169587
0.00017086187036831967
0.00016278335592379294
0.00015449108115979393
0.00014603496197507335
0.00013746483083558423
0.00012883010806044817
0.00012017947839748546
0.000111560575290363
0.00010301967517410529
9.460140405205701e-5
8.634845850610428e-5
7.830134317379805e-5
7.049812659202209e-5
6.297421715802169e-5
5.57621607962334e-5
4.88914617446576e-5
4.238842768898941e-5
3.627604027779789e-5
3.057385184934778e-5
2.529790899176007e-5
2.046070334485777e-5
1.6071149835892153e-5
1.2134592324192716e-5
8.652836413311082e-6
5.624208975227535e-6
3.0436437213342575e-6
9.027919509204991e-7
-8.0984258865347e-7
-2.1087459833703595e-6
-3.011215005781752e-6
-3.537158135218083e-6
-3.708878491891422e-6
-3.55084056901648e-6
-3.0894227687520755e-6
-2.3526578529391553e-6
-1.3699635074005639e-6
-1.7186528837652795e-7
1.2102857291194618e-6
2.744598248968527e-6
4.398926632498878e-6
6.1411549989650655e-6
7.939477214356315e-6
9.762670479253746e-6
1.1580360289333093e-5
1.336327462300279e-5
1.508348530892366e-5
1.67146346408945e-5
1.8232145437920124e-5
1.961341289205953e-5
2.0837976704720997e-5
2.1887672182104427e-5
2.2746759141086722e-5
2.3402027666520673e-5
2.3842879958100814e-5
2.4061387708025504e-5
2.4052324657994532e-5
2.3813174193889043e-5
2.334411204711208e-5
2.2647964381258422e-5
2.173014174982501e-5
2.0598549613382375e-5
1.9263476301326988e-5
1.7737459492418513e-5
1.6035132468237065e-5
1.4173051562990729e-5
1.2169506390374625e-5
1.0044314572161049e-5
7.818602822690093e-6
5.51457635737975e-6
3.1552786908567803e-6
7.64343970524097e-7
-1.6342559463384827e-6
-4.016467419978322e-6
-6.358411683060366e-6
-8.636639939949524e-6
-1.0828384640276017e-5
-1.2911804688583293e-5
-1.4866222402456067e-5
-1.6672350100388745e-5
-1.831250428721534e-5
-1.9770805508475763e-5
-2.103336206480838e-5
-2.2088435912327254e-5
-2.292658922388722e-5
-2.3540810247937227e-5
-2.3926617274972786e-5
-2.408213970503035e-5
-2.4008175401700208e-5
-2.370822371719654e-5
-2.3188493777506715e-5
-2.2457887824836484e-5
-2.152795962480739e-5
-2.041284815638532e-5
-1.9129187011622536e-5
-1.769599013827411e-5
-1.6134514759451297e-5
-1.4468102499150665e-5
-1.2721999929028644e-5
-1.0923159928726971e-5
-9.100025417916333e-6
-7.282297171594592e-6
-5.500687569870974e-6
-3.786662258238244e-6
-2.172171803201383e-6
-6.893755201908066e-7
6.296402749244311e-7
1.7531472831666663e-6
2.6500611636264364e-6
3.290226035062698e-6
3.6446951752948572e-6
3.6860055758514773e-6
3.388444048490656e-6
2.728302638239488e-6
1.6841211739964292e-6
2.3691488192505465e-7
-1.6296149018570766e-6
-3.92888875537093e-6
-6.671277625096392e-6
-9.863953247288847e-6
-1.3510761903618818e-5
-1.7612122697495207e-5
-2.2164951346540787e-5
-2.7162610287224194e-5
-3.259488568136329e-5
-3.844799170265364e-5
-4.4704602266278554e-5
-5.1343910147733045e-5
-5.8341713220008114e-5
-6.567052732293964e-5
-7.32997250666123e-5
-8.119569966384323e-5
-8.932205268673737e-5
-9.763980445059006e-5
-0.00010610762554666642
-0.00011468208787498848
-0.00012331793337066595
-0.00013196835847372338
-0.00014058531226399912
-0.00014911980607057538
-0.00015752223227018497
-0.00016574268991201247
-0.000173731314747776
-0.00018143861120651936
-0.0001888157838334124
-0.00019581506571129172
-0.00020239004140263338
-0.00020849596198803532
-0.00021409004983475948
-0.00021913179080505188
-0.00022358321170815227
-0.00022740914091145035
-0.00023057745015418298
-0.00023305927575046465
-0.00023482921752608212
-0.00023586551400417273
-0.00023615019253723685
-0.00023566919327550076
-0.00023441246606287653
-0.00023237403956007593
-0.0002295520621081689
-0.0002259488140633113
-0.00022157069155280133
-0.00021642816182227372
-0.00021053569056198095
-0.00020391164181501987
-0.00019657815128026367
-0.00018856097402608488
-0.0001798893078259885
-0.0001705955935125355
-0.0001607152939199387
-0.0001502866531470434
-0.00013935043801984836
-0.0001279496637650707
-0.00011612930602246363
-0.00010393600142281314
-9.141773903987091e-5
-7.86235450874695e-5
-6.560316327703628e-5
-5.2406733275502444e-5
-3.9084469708937375e-5
-2.5686344143132595e-5
-1.2261772438944437e-5
1.1406901722103175e-6
1.4473644018317552e-5
2.769112773670714e-5
4.0748886764719275e-5
5.360462561432413e-5
6.62182421117992e-5
7.855204193564361e-5
9.057093195088315e-5
0.00010224259101459507
0.00011353761711422159
0.00012442964989570023
0.00013489546784087753
0.00014491505956156322
0.00015447166888914122
0.00016355181365223528
0.00017214527824871984
0.0001802450803307348
0.00018784741213048316
0.00019495155715885967
0.00020155978320664009
0.00020767721276754794
0.00021331167218239077
0.00021847352097224674
0.00022317546298494833
0.00022743234112169032
0.0002312609175382452
0.00023467964132705177
0.00023770840578141552
0.00024036829742049497
0.00024268133901302467
0.00024467022887836884
0.00024635807876523935
0.00024776815261102434
0.00024892360846823697
0.0002498472458492055
0.00025056126068610964
0.00025108701003130607
0.0002514447885331597
0.00025165361861607054
0.00025173105617096165
0.00025169301342515155
0.000251553600509469
0.0002513249870768769
0.0002510172851521457
0.00025063845420768727
0.00025019422926804213
0.00024968807264631504
0.00024912114971169946
0.00024849232887981916
0.0002477982058086483
0.0002470331515739704
0.0002461893843914299
0.0002452570642489169
0.00024422440961498925
0.00024307783519789553
0.0002418021095471223
0.00024038053111672186
0.0002387951212484426
0.0002370268323841969
0.0002350557696828906
0.00023286142409723777
0.00023042291486286668
0.00022771923926565726
0.00022472952748457328
0.00022143330025681092
0.0002178107270803656
0.00021384288265631236
0.00020951199927944864
0.00020480171291129663
0.00019969730071370931
0.00019418590788411517
0.00018825676171422916
0.00018190137089227693
0.0001751137081836105
0.00016789037475507842
0.0001602307445537391
0.00015213708730910355
0.0001436146688989838
0.00013467182800069955
0.00012532002814043928
0.00011557388445243853
0.00010545116466470421
9.497276403764287e-5
8.416265419437688e-5
7.304780599518304e-5
6.165808682139763e-5
5.0026132844809025e-5
3.81871970651203e-5
2.617897409890217e-5
1.4041402896932418e-5
1.81644875132111e-6
-1.0452133872149139e-5
-2.2719055978827094e-5
-3.493776432062061e-5
-4.7060725320968834e-5
-5.90397205493654e-5
-7.082615154298563e-5
-8.237135168795278e-5
-9.36269028058269e-5
-0.00010454495404262538
-0.00011507854062846081
-0.00012518190006603695
-0.00013481078331580918
-0.00014392275857460436
-0.00015247750529264015
-0.00016043709614090593
-0.0001677662647261495
-0.00017443265695369554
-0.0001804070640581519
-0.0001856636354577462
-0.00019018006973867227
-0.00019393778224000954
-0.00019692204788640134
-0.00019912211810323152
-0.00020053131084605397
-0.0002011470729809959
-0.00020097101446406415
-0.00020000891398311936
-0.0001982706959450073
-0.0001957703789101931
-0.00019252599579651312
-0.0001885594863905713
-0.00018389656291814254
-0.0001785665496320222
-0.00017260219757538314
-0.00016603947586936734
-0.00015891734105371918
-0.0001512774861774213
-0.00014316407149113442
-0.0001346234387335536
-0.00012570381112845044
-0.00011645498131720972
-0.00010692798954217722
-9.717479446849753e-5
-8.724793908563307e-5
-7.720021416412646e-5
-6.708432175804868e-5
-5.695254123889458e-5
-4.6856400322482886e-5
-3.6846353506888116e-5
-2.6971470276963005e-5
-1.7279135350046734e-5
-7.814763138784206e-6
1.3784715087728265e-6
1.025988436333899e-5
1.8791512881148772e-5
2.6938325662131328e-5
3.466840885139067e-5
4.195312822000486e-5
4.876726585496981e-5
5.508913058988035e-5
6.090064151627355e-5
6.618738412856135e-5
7.093863887157121e-5
7.514738207713054e-5
7.88102594930931e-5
8.192753282302754e-5
8.450299990572441e-5
8.654388936898796e-5
8.806073079036767e-5
8.90672015867677e-5
8.957995203393466e-5
8.961840998409537e-5
8.920456700424229e-5
8.836274779752966e-5
8.711936489475203e-5
8.55026607111019e-5
8.354243915431184e-5
8.126978904333571e-5
7.87168016512686e-5
7.591628472180503e-5
7.290147532504633e-5
6.970575391565122e-5
6.636236193432372e-5
6.290412525265857e-5
5.936318570167773e-5
5.5770742846676305e-5
5.215680807573629e-5
4.8549972957382005e-5
4.4977193695257485e-5
4.1463593365394084e-5
3.803228346591299e-5
3.470420614104456e-5
3.149799826259125e-5
2.8429878363913703e-5
2.551355722564316e-5
2.2760172710335405e-5
2.017824923675877e-5
1.7773682075196796e-5
1.5549746434755324e-5
1.3507131103894022e-5
1.1643996198030096e-5
9.956054364714413e-6
8.436674599292975e-6
7.077007633721856e-6
5.866131679848578e-6
4.791217137538668e-6
3.837708718857689e-6
2.989523293460284e-6
2.229261628561424e-6
1.538432080453287e-6
8.976841944499e-7
2.8705008718065256e-7
-3.1380857997533727e-7
-9.25350274309029e-7
-1.5679021781109805e-6
-2.261409963057469e-6
-3.0251910178568303e-6
-3.877693365476829e-6
-4.836262458651818e-6
-5.916917976433865e-6
-7.1341426608264985e-6
-8.500685131702865e-6
-1.0027378501100488e-5
-1.1722976475551006e-5
-1.3594008488434367e-5
-1.564465524462775e-5
-1.787664588829076e-5
-2.0289177822853212e-5
-2.287886002165683e-5
-2.5639680469832242e-5
-2.856299817443033e-5
-3.163755997230248e-5
-3.484954215541115e-5
-3.8182616722843416e-5
-4.1618041859605294e-5
-4.5134776035897095e-5
-4.87096149188198e-5
-5.231735009292465e-5
-5.593094839830777e-5
-5.9521750516685856e-5
-6.305968726842322e-5
-6.651351192831069e-5
-6.985104672625879e-5
-7.30394415720953e-5
-7.604544293253116e-5
-7.883567069385333e-5
-8.137690076695362e-5
-8.36363511324807e-5
-8.558196898371504e-5
-8.718271660365554e-5
-8.840885361082285e-5
-8.923221322565446e-5
-8.962647024582703e-5
-8.956739847419485e-5
-8.90331154169026e-5
-8.800431216092904e-5
-8.646446644926324e-5
-8.440003709717374e-5
-8.180063803359232e-5
-7.865919040653171e-5
-7.49720513592364e-5
-7.073911826331642e-5
-6.596390738486476e-5
-6.0653606158033086e-5
-5.481909844619345e-5
-4.847496238193478e-5
-4.163944059207676e-5
-3.4334382830957704e-5
-2.6585161262585778e-5
-1.8420558848272566e-5
