200.0
200.0
200.0
200.0
199.99999880200642
199.999994022045
199.99998211405838
199.999958405433
199.99991714377555
199.99985155443713
199.99975390816718
199.99961559816694
199.99942722570825
199.99917869338512
199.9988593049772
199.9984578708239
199.99796281753794
199.99736230082775
199.9966443201494
199.99579683387233
199.99480787361802
199.99366565641787
199.99235869333702
199.99087589322224
199.9892066602572
199.98734098404546
199.9852695209903
199.98298366580136
199.9804756120305
199.9777384006216
199.97476595555233
199.97155310574794
199.9680955925583
199.9643900622077
199.9604340427524
199.95622590521208
199.95176480867642
199.94705062932823
199.9420838734653
199.9368655747463
199.9313971760294
199.9256803963134
199.919717083431
199.9135090532802
199.90705791651035
199.90036489370635
199.8934306202323
199.8862549420081
199.8788367035945
199.87117353005524
199.8632616041477
199.85509544046454
199.84666765820918
199.8379687543351
199.82898687881342
199.81970761381598
199.81011375860814
199.800185121942
199.78989832372113
199.77922660767695
199.768139666752
199.7566034828273
199.74458018236186
199.7320279094299
199.71890071754916
199.70514848158993
199.69071683094134
199.67554710498982
199.65957633183456
199.64273723102784
199.62495824098474
199.6061635715587
199.58627328212643
199.56520338536896
199.54286597677807
199.51916938975495
199.4940183760078
199.46731431079226
199.43895542237735
199.4088370449594
199.37685189408754
199.34289036350856
199.30684084218606
199.2685900500999
199.22802339128756
199.1850253224512
199.13947973532115
199.09127035084322
199.04028112314109
198.98639665109908
198.9295025953172
198.86948609810753
198.80623620413465
198.73964427925
198.66960442503597
198.596013886559
198.5187734508345
198.43778783353102
198.35296605148793
198.26422177868932
198.17147368343043
198.07464574452734
197.97366754455996
197.86847453829918
197.75900829465087
197.64521671065168
197.52705419627122
197.40448182901022
197.2774674775328
197.14598589382902
197.01001877366804
196.86955478537126
196.72458956720166
196.57512569392955
196.42117261339155
196.2627465541044
196.0998704052268
195.9325735703756
195.7608917969974
195.58486698316682
195.404546963831
195.21998527864096
195.03124092360525
194.83837808886904
194.64146588496263
194.44057805987654
194.23579270930878
194.0271919823923
193.81486178515183
193.59889148385705
193.37937361033997
193.15640357122695
192.9300793629044
192.70050129389477
192.467771716166
192.2319947667384
191.99327612078886
191.7517227572846
191.50744273801226
191.26054500070174
191.01113916678105
190.75933536414047
190.50524406513114
190.24897593987723
189.99064172484213
189.73035210645907
189.46821761951375
189.20434855985496
188.93885491090373
188.67184628333743
188.40343186723936
188.13372039592667
187.8628201206014
187.59083879490933
187.31788366843884
187.04406148814866
186.7694785066758
186.49424049644605
186.21845276848688
185.9422201948266
185.66564723335443
185.38883795401313
185.11189606519872
184.8349249392512
184.55802763593465
184.28130692282616
184.00486529155972
183.72880496890303
183.4532279216838
183.17823585462622
182.9039302002081
182.63041209970535
182.35778237465306
182.08614148802053
181.8155894944734
181.54622597917648
181.2781499846798
181.0114599255241
180.74625349030333
180.48262753102907
180.22067793975435
179.9604995125341
179.70218580092333
179.44582895134286
179.191519532776
178.9393463533942
178.68939626684872
178.44175396910285
178.19650178681795
177.95371945844147
177.71348390927795
177.47586902194934
177.24094540377104
177.00878015267892
176.77943662344168
176.55297419597792
176.32944804766834
176.10890893160715
175.89140296277293
175.6769714141154
175.46565052455037
175.2574713208299
175.0524594552068
174.85063506074334
174.65201262602227
174.4566008909053
174.2644027648509
174.07541526915068
173.88962950427265
173.70703064331406
173.52759795236665
173.35130483838557
173.17811892493427
173.00800215595086
172.84091092745385
172.67679624687412
172.51560391947413
172.35727476109213
172.2017448362347
172.04894572033552
171.898804784805
171.7512455033152
171.60618777760075
171.46354828090787
171.3232408170935
171.18517669326496
171.0492651037572
170.91541352317145
170.78352810614422
170.6535140914807
170.52527620827
170.3987190816016
170.27374763552243
170.15026749091038
170.02818535599386
169.90740940731558
169.7878496590221
169.66941831845827
169.55203012615544
169.43560267842446
169.3200567308969
169.20531648150072
169.091309831507
168.97796862344413
168.86522885483947
168.75303086691974
168.64131950757474
168.53004426806578
168.41915939313867
168.30862396437814
168.19840195681797
168.0884622689944
167.97877872680073
167.86933006166544
167.76009986373418
167.6510765108866
167.54225307456124
167.43362720349288
167.32520098658983
167.21698079628817
167.10897711381895
167.0012043379115
166.893680578529
166.78642743729452
166.6794697763137
166.57283547713584
166.46655519161766
166.3606620864652
166.25519158322626
166.15018109549285
166.04566976504782
165.94169819865306
165.83830820713064
165.7355425483308
165.63344467551488
165.5320584926053
165.43142811767177
165.33159765593035
165.2326109834339
165.13451154252616
165.03734215002083
164.94114481894943
164.84596059460065
164.75182940544875
164.65878992943908
164.56687947597
164.47613388377673
164.3865874347918
164.2982727839249
164.21122090457428
164.12546104955587
164.04102072701164
163.95792569074067
163.87619994428317
163.79586575798163
163.71694369814483
163.63945266735078
163.56340995484456
163.48883129591664
163.41573093908903
163.34412171988825
163.2740151399492
163.20542145017035
163.1383497366302
163.0728080079764
163.00880328301358
162.946341677243
162.88542848714502
162.82606827104746
162.76826492548344
162.71202175601547
162.6573415415849
162.60422659153667
162.5526787945694
162.50269965896769
162.45429034358614
162.40745167917296
162.36218417974345
162.3184880438383
162.27636314562884
162.235809015958
162.19682481353348
162.15940928661283
162.1235607256435
162.08927690743744
162.0565550315724
162.02539164981835
161.9957825894858
161.96772287168326
161.94120662555233
161.91622699961994
161.892776071468
161.87084475696955
161.8504227203779
161.83149828658077
161.8140583568424
161.79808832935808
161.78357202593057
161.7704916260525
161.75882760964
161.7485587096113
161.73966187544065
161.7321122487437
161.72588315186437
161.72094609033758
161.71727076999744
161.7148251293867
161.7135753880026
161.71348611078704
161.71452028913612
161.7166394385677
161.71980371304593
161.7239720358192
161.7291022464872
161.73515126386906
161.74207526410567
161.74982987329062
161.75837037379094
161.76765192328904
161.77762978545454
161.7882595710372
161.7994974880638
161.8113005997205
161.8236270884114
161.8364365244015
161.84969013738302
161.86335108924243
161.87738474625945
161.89175894893268
161.90644427760412
161.92141431204524
161.93664588316992
161.95211931505781
161.96781865550093
161.9837318933307
161.99985116083988
162.01617291968347
162.03269812872597
162.04943239239634
162.06638608821874
162.08357447230347
162.101017761709
162.1187411927213
162.1367750542397
162.15515469560754
162.1739205083818
162.19311788169418
162.2127971310191
162.2330134003279
162.2538265377734
162.27530094521342
162.29750540204486
162.32051286397996
162.34440023755323
162.36924813130065
162.39514058469913
162.4221647760965
162.45041071099692
162.47997089219427
162.51093997336633
162.54341439785355
162.57749202444958
162.61327174212312
162.65085307567378
162.69033578439655
162.73181945589002
162.7754030971916
162.82118472545832
162.86926096043337
162.91972662094506
162.97267432767757
163.02819411442758
163.0863730500212
163.1472948730078
163.2110396411723
163.27768339781568
163.34729785664373
163.41995010697812
163.4957023408602
163.57461160346074
163.6567295680355
163.74210233648103
163.83077026634885
163.92276782496995
164.01812347112858
164.11685956450688
164.2189923029024
164.32453168700084
164.43348151227133
164.54583938734024
164.661596777999
164.78073907580978
164.90324569009573
165.0290901619398
165.15824029867136
165.29065832719246
165.42630106438924
165.5651201027873
165.70706200954487
165.85206853683357
166.00007684163384
166.15101971297017
166.30482580462896
166.4614198714387
166.62072300724608
166.7826528827933
166.94712398178558
167.11404783353794
167.2833332406982
167.45488650066366
167.628611619435
167.80441051678406
167.98218322175003
168.1618280576183
168.34324181567857
168.5263199172005
168.71095656320594
168.8970448717556
169.08447700260385
169.27314426920609
169.4629372381914
169.65374581653325
169.84545932676858
170.03796657072357
170.23115588230877
170.42491517004174
170.61913195004456
170.8136933703453
171.0084862273872
171.20339697571532
171.3983117318702
171.59311627356857
171.7876960352951
171.98193610146365
172.17572119833417
172.36893568589065
172.56146355089518
172.75318840233643
172.94399347048412
173.1337616107465
173.32237531350387
173.50971672105922
173.69566765280513
173.88010963965635
174.0629239687373
174.24399173924485
174.42319393032952
174.60041148174975
174.77552538795837
174.9484168061743
175.11896717887774
175.2870583710447
175.4525728223045
175.61539371406508
175.775405151505
175.93249236017758
176.08654189681548
176.2374418737616
176.38508219628682
176.52935481188857
176.67015397049835
176.80737649436094
176.94092205618836
177.07069346403702
177.19659695121007
177.3185424693518
177.43644398277763
177.55021976197588
177.65979267412675
177.76509046841278
177.86604605384562
177.96259776730625
178.05468962949413
178.14227158650277
178.2252997347886
178.30373652737515
178.3775509592361
178.4467187299274
178.5112223816912
178.5710514114274
178.62620235512546
178.6766788435625
178.72249162830366
178.76365857728337
178.8002046394991
178.83216177860623
178.85956887546453
178.8824715999455
178.90092225256566
178.9149795767573
178.92470854282422
178.93018010485218
178.93147093204902
178.92866311617607
178.9218438568986
178.9111051270284
178.8965433197527
178.87825888004338
178.85635592251654
178.83094183806617
178.802126891627
178.77002381343368
178.734747386134
178.69641403008836
178.6551413891447
178.61104791912007
178.56425248115104
178.51487394199188
178.46303078324894
178.40884072144001
178.35242034066005
178.29388473952346
178.23334719393534
178.1709188371238
178.10670835824118
178.0408217207162
177.97336190140922
177.904428651494
177.83411827985546
177.76252345966117
177.68973305862812
177.6158319933717
177.54090110808644
177.4650170776712
177.3882523352742
177.31067502409527
177.2323489731472
177.15333369654147
177.07368441573138
176.9934521040141
176.91268355246666
176.8314214563681
176.74970452104304
176.6675675859511
176.5850417657439
176.50215460691578
176.4189302585896
176.3353896559034
176.25155071439906
176.16742853376192
176.08303560922
175.99838204888314
175.91347579528883
175.8283228494196
175.74292749546981
175.65729252466454
175.57141945647288
175.48530875560894
175.3989600432787
175.3123723012057
175.22554406705672
175.1384736199849
175.05115915511493
174.96359894591026
174.8757914934839
174.78773566204407
174.69943079979913
174.6108768447835
174.52207441520707
174.43302488407184
174.3437304379408
174.25419411988506
174.16441985677304
174.0744124712005
173.98417767848977
173.89372206931162
173.80305307860047
173.71217894154393
173.62110863752955
173.52985182302416
173.43841875444394
173.34682020214575
173.2550673567315
173.16317172890768
173.07114504418067
172.97899913369466
172.88674582253466
172.79439681681896
172.70196359089684
172.60945727594637
172.51688855123484
172.42426753926048
172.3316037059404
172.23890576694453
172.14618160120125
172.05343817251696
171.96068146015975
171.86791639915822
171.77514683096004
171.68237546498278
171.58960385147262
171.49683236596553
171.40406020552214
171.31128539678136
171.2185048157523
171.12571421913822
171.03290828686153
170.94008067533875
170.84722408093563
170.75433031292064
170.6613903751287
170.5683945554468
170.47533252214242
170.38219342597196
170.28896600693392
170.19563870446885
170.10219976985582
170.00863737951545
169.91493974790114
169.8210952386441
169.72709247261434
169.6329204315692
169.53856855608188
169.44402683647738
169.34928589554866
169.25433706188454
169.1591724327094
169.0637849252152
168.96816831545644
168.8723172639774
168.7762273274499
168.67989495571388
168.58331747373634
168.4864930481307
168.38942063801153
168.29209993009457
168.19453125809034
168.09671550657862
167.99865399969062
167.9003483750639
167.80180044367197
167.70301203626357
167.60398483727653
167.50472020721483
167.4052189945966
167.30548133869178
167.20550646437232
167.10529247049297
167.00483611330625
166.90413258649212
166.80317529944693
166.70195565553138
166.60046283201896
166.49868356351652
166.39660193064645
166.29419915578407
166.1914534076358
166.08833961642182
165.98482930139178
165.88089041235403
165.77648718683736
165.67158002443014
165.56612537975508
165.46007567543887
165.35337923632602
165.24598024606485
165.1378187270623
165.02883054466355
164.91894743626318
164.80809706589756
164.6962031047052
164.58318533747175
164.46895979530322
164.35343891429358
164.23653171987257
164.11814403633898
163.9981787209029
163.87653592137974
163.7531133565005
163.62780661762724
163.50050949049157
163.37111429540894
163.2395122442624
163.10559381239952
162.96924912344548
162.83036834490457
162.68884209230572
162.54456183954323
162.39742033297543
162.24731200677218
162.09413339694842
161.93778355148663
161.7781644339378
161.61518131789876
161.44874316979534
161.2787630174553
161.10515830203457
160.9278512109629
160.74676898970318
160.56184423026886
160.37301513461816
160.18022575123814
159.983426183447
159.78257276817436
159.57762822422734
159.3685617693088
159.15534920532374
158.9379729717832
158.7164221673922
158.49069254018315
158.26078644682605
158.02671278200825
157.78848687902496
157.5461303829554
157.29967109801342
157.04914281085533
156.79458509179602
156.53604307602913
156.27356722706318
156.00721308467465
155.73704099973915
155.46311585833445
155.18550679751337
154.90428691512258
154.61953297599592
154.33132511678033
154.03974655156009
153.74488328033453
153.4468238022763
153.14565883555645
152.84148104536976
152.53438478163315
152.22446582766284
151.91182116096633
151.5965487271136
151.27874722748263
150.95851592150686
150.63595444389077
150.31116263710376
149.98424039931396
149.65528754778444
149.32440369762278
148.99168815565451
148.65723982907915
148.32115714846694
147.9835380045628
147.64447969828225
147.30407890321223
146.96243163986668
146.61963326089128
146.2757784463658
145.9309612083127
145.58527490348834
145.2388122535065
144.89166537132425
144.54392579310428
144.19568451445755
143.8470320300646
143.4980583756714
143.14885317145763
142.7995056657808
142.45010477830812
142.10073914156013
141.75149713990515
141.4024669450623
141.05373654719236
140.7053937806812
140.3575263437491
140.0102218110525
139.66356763848128
139.31765115939666
138.97255957160098
138.62837991438244
138.28519903503485
137.94310354431664
137.60217976038177
137.26251364079275
136.92419070230812
136.5872959282275
136.25191366317415
135.91812749529967
135.5860201260057
135.2556732273957
134.92716728779223
134.60058144578443
134.2759933134021
133.95347878914907
133.63311186176566
133.31496440572784
132.99910596962724
132.68560355870903
132.374521412973
132.065920782364
131.75985970068967
131.45639276000318
131.15557088727647
130.85744112526012
130.56204641948068
130.2694254133614
129.97961225346737
129.6926364068691
129.40852249259024
129.12729012905186
128.8489537993521
128.5735227361209
128.30100082756965
128.0313865462141
127.76467290158739
127.50084741808054
127.23989213885169
126.98178365653627
126.72649317126903
126.47398657629964
126.22422457124848
125.97716280281124
125.73275203248322
125.49093833063979
125.25166329608012
125.01486429992137
124.78047475252085
124.54842439190753
124.31863959202325
124.09104368890979
123.86555732283271
123.64209879420619
123.42058443107808
123.20092896584973
122.98304591884205
122.76684798627817
122.55224743023292
122.33915646810097
122.12748765915677
121.91715428582214
121.70807072731753
121.5001528234526
121.29331822640746
121.08748673846837
120.88258063380744
120.67852496253603
120.47524783541238
120.27268068774542
120.07075852120666
119.86942012243863
119.66860825753075
119.46826984161875
119.26835608305169
119.06882260175828
118.86962952163076
118.6707415369278
118.47212795287743
118.27376270083327
118.07562432850396
117.87769596593205
117.67996526804698
117.48242433475366
117.28506960964361
117.08790175853017
116.89092552910988
116.69414959314159
116.49758637260993
116.30125185140332
116.10516537408641
115.90934943338466
115.71382944802428
115.51863353258446
115.32379226102121
115.12933842551426
114.93530679226963
114.74173385588304
114.54865759383219
114.35611722262033
114.16415295704071
113.97280577397026
113.78211718203332
113.59212899840196
113.402883133919
113.21442138764368
113.02678525182834
112.84001572823851
112.65415315662713
112.4692370560693
112.28530597975463
112.10239738372292
111.92054750991419
111.73979128378787
111.56016222664837
111.3816923826963
111.20441226070648
111.02835079011783
110.85353529120526
110.67999145889232
110.50774335965585
110.3368134408715
110.1672225518519
109.99898997574002
109.83213347133767
109.66666932387646
109.50261240367368
109.33997623156245
109.17877304994192
109.01901389826148
108.86070869173233
108.70386630205175
108.54849463892819
108.39460073121128
108.24219080645788
108.09127036780424
107.94184426706471
107.7939167730381
107.64749163407429
107.50257213403387
107.35916114086356
107.21726114710668
107.07687430177258
106.93800243309853
106.80064706185301
106.66480940494719
106.53049036924357
106.39769053557286
106.26641013309411
106.13664900425469
106.00840656072815
105.88168173082487
105.75647289898416
105.63277783806434
105.51059363524963
105.38991661248726
105.2707422424548
105.1530650611357
105.03687857814843
104.92217518603236
104.80894606973975
104.69718111761748
104.58686883518497
104.47799626302442
104.37054890009678
104.26451063378116
104.15986367790704
104.05658852000703
103.95466387896418
103.85406667416194
103.75477200716665
103.65675315688378
103.55998158902936
103.46442698064914
103.37005726029976
103.27683866438083
103.18473580997394
103.09371178440706
103.00372825161986
102.91474557526054
102.82672295829683
102.73961859877625
102.65338986122349
102.56799346301757
102.48338567494987
102.39952253502686
102.31636007445019
102.23385455458244
102.15196271359073
102.07064202135348
101.98985094111852
101.90954919631541
101.82969804085054
101.75026053115224
101.67120179818501
101.59248931761744
101.51409317630741
101.43598633326238
101.35814487324002
101.28054825117731
